version 2
run General-0-20220303-15:14:27-20732
attr configname General
attr datetime 20220303-15:14:27
attr experiment General
attr inifile omnetpp.ini
attr iterationvars $0=123
attr iterationvarsf 123-
attr measurement $0=123
attr network PolicyA
attr processid 20732
attr repetition 0
attr replication #0
attr resultdir results
attr runnumber 0
attr seedset 123

vector 0 PolicyA.queue "time spent on the queue" ETV
attr interpolationmode none
vector 1 PolicyA.queue "queue size after modification" ETV
attr interpolationmode none
vector 2 PolicyA.queue "queue size per minute" ETV
attr interpolationmode none
vector 3 PolicyA.queue "client processing order" ETV
attr interpolationmode none
vector 4 PolicyA.queue "processing time with client order" ETV
attr interpolationmode none
vector 5 PolicyA.queue "till processing order" ETV
attr interpolationmode none
vector 6 PolicyA.queue "client total time in the till" ETV
attr interpolationmode none
vector 7 PolicyA.source "number of clients entering the queue per timer interval" ETV
attr interpolationmode none
0	2	0	0
0	8	143.073	0
0	13	183.521	0
0	21	311.339	96.944
0	27	355.28	0
0	36	507.809	0
0	43	573.821	0
0	62	1047.939	0
0	68	1186.496	0
0	77	1265.182	0
0	84	1324.915	0
0	88	1375.356	0
0	99	1532.054	0
0	106	1601.327	0
0	109	1608.711	0
0	119	1751.108	0
0	130	1911.835	0
0	134	1936.014	0
0	144	2005.647	0
0	151	2096.646	0
0	157	2187.716	0
0	165	2308.462	0
0	180	2535.663	0
0	186	2690.344	0
0	192	2803.652	0
0	203	2957.46	0
0	211	3004.263	0
0	215	3058.153	0
0	225	3150.604	61.358
0	228	3177.609	56.294
0	248	3652.01	0
0	252	3663.605	0
0	264	3843.677	0
0	269	3911.313	0
0	278	3992.985	0
0	285	4059.565	0
0	290	4104.487	0
0	295	4171.176	0
0	307	4471.561	31.757
0	322	4786.036	0
0	329	4869.655	0
0	337	4987.02	0
0	340	5001.764	0
0	349	5105.334	60.331
0	354	5110.623	1.318
0	363	5247.267	0
0	377	5441.614	159.752
0	383	5541.227	245.525
0	388	5622.268	244.465
0	403	5886.332	0
0	410	6000.219	0
0	413	6015.645	0
0	428	6252.529	158.207
0	441	6420.881	215.683
0	446	6435.2	190.13
0	450	6454.378	114.795
0	459	6582.386	192.438
0	473	6751.721	360.596
0	487	6976.869	542.234
0	492	7053.301	568.659
0	497	7114.331	492.468
0	502	7165.001	505.733
0	510	7246.206	501.233
0	519	7301.053	482.858
0	527	7415.845	560.167
0	533	7514.87	553.384
0	538	7594.597	415.392
0	547	7644.36	374.536
0	552	7681.272	388.309
0	558	7737.633	399.276
0	560	7739.418	134.972
0	567	7790.239	159.879
0	572	7815.506	83.182
0	586	8159.964	339.344
0	591	8199.867	260.826
0	608	8558.904	0
0	614	8667.2	0
0	622	8764.844	0
0	625	8785.618	0
0	633	8836.717	11.546
0	643	8967.873	0
0	649	9013.935	0
0	657	9167.994	12.752
0	665	9252.238	0
0	672	9311.347	0
0	684	9622.391	0
0	696	9843.56	0
0	700	9896.627	0
0	709	9952.635	50.66
0	716	9997.352	63.81
0	719	10019.869	28.929
0	728	10106.509	19.971
0	749	10731.264	0
0	754	10784.055	0
0	764	10956.59	0
0	774	11064.515	0
0	780	11205.718	0
0	784	11225.38	0
0	797	11361.867	94.95
0	812	11595.679	295.694
0	815	11606.672	251.649
0	823	11654.546	249.031
0	828	11708.615	216.729
0	831	11720.216	224.746
0	840	11837.874	210.586
0	845	11892.074	168.419
0	854	11982.99	0
0	867	12207.881	0
0	873	12304.574	0
0	882	12535.844	0
0	887	12594.148	0
0	895	12648.685	8.823
0	909	12841.757	149.411
0	913	12890.336	175.474
0	922	13023.577	243.762
0	925	13027.623	35.798
0	934	13167.716	97.775
0	942	13240.356	66.728
0	949	13277.909	0
0	956	13365.133	86.901
0	966	13581.143	0
0	980	13864.041	0
0	983	13891.969	0
0	992	13985.438	0
0	999	14073.517	0
0	1012	14352.143	0
0	1029	14845.626	0
0	1034	14881.361	0
0	1039	14981.073	0
0	1051	15178.461	0
0	1058	15238.639	0
0	1065	15396.237	0
0	1074	15452.891	35.579
0	1082	15652.566	213.199
0	1096	15965.002	0
0	1113	16457.687	0
0	1116	16467.61	0
0	1119	16475.734	0
0	1128	16542.841	0
0	1135	16614.72	0
0	1143	16709.946	0
0	1159	17034.905	313.202
0	1167	17137.348	412.292
0	1170	17151.97	384.65
0	1173	17156.289	73.929
0	1181	17187.2	3.841
0	1189	17256.728	0
0	1199	17419.239	0
0	1206	17461.653	36.438
0	1213	17524.409	34.488
0	1222	17599.956	74.575
0	1228	17751.253	168.215
0	1236	17868.283	87.598
0	1244	17980.631	0
0	1252	18024.546	0
0	1263	18181.227	25.352
0	1265	18182.433	12.386
0	1278	18373.972	178.613
0	1300	18691.992	365.444
0	1305	18743.548	333.252
0	1318	18946.733	474.465
0	1323	18979.681	437.765
0	1332	19188.464	622.573
0	1335	19192.579	557.492
0	1341	19226.204	585.21
0	1347	19307.362	492.539
0	1353	19325.238	473.32
0	1357	19357.351	494.786
0	1361	19376.237	257.886
0	1367	19434.35	113.612
0	1379	19635.765	0
0	1389	19802.912	0
0	1394	19812.807	0
0	1403	19950.989	0
0	1410	20157.772	0
0	1424	20446.554	0
0	1428	20463.077	0
0	1445	20638	164.966
0	1454	20784.884	301.612
0	1457	20813.751	312.601
0	1463	20868.248	305.923
0	1467	20881.044	308.508
0	1475	20954.223	315.425
0	1477	20955.104	72.305
0	1488	21081.363	116.739
0	1497	21164.955	0
0	1505	21362.948	0
0	1518	21589.441	225.599
0	1524	21638.7	146.97
0	1530	21730.01	163.739
0	1540	21888.741	0
0	1546	21916.436	0
0	1551	21957.233	0
0	1559	22023.996	9.595
0	1571	22224.338	77.484
0	1578	22274.889	124.464
0	1582	22318.744	60.625
0	1593	22487.304	153.784
0	1596	22498.817	30.919
0	1605	22561.976	34.471
0	1612	22674.998	2.172
0	1622	22766.699	0
0	1625	22774.992	0
0	1639	23013.525	231.347
0	1655	23399.619	490.303
0	1659	23403.386	327.15
0	1665	23459.609	297.448
0	1671	23522.351	257.856
0	1682	23717.371	149.034
0	1687	23761.453	63.246
0	1704	24163.872	0
0	1713	24352.471	0
0	1719	24440.227	0
0	1726	24506.814	0
0	1736	24693.06	0
0	1743	24756.696	0
0	1750	24835.404	0
0	1754	24859.457	0
0	1763	24970.3	0
0	1774	25194.433	0
0	1779	25219.262	0
0	1787	25311.31	0
0	1807	25852.87	0
0	1812	25885.267	0
0	1823	26183.695	0
0	1837	26484.402	0
0	1840	26495.89	0
0	1847	26613.661	0
0	1856	26697.372	0
0	1861	26742.539	0
0	1872	26807.576	59.217
0	1877	26811.976	46.544
0	1883	26858.007	59.376
0	1890	26906.889	96.209
0	1895	26979.786	98.189
0	1909	27141.113	61.615
0	1911	27142.17	57.37
0	1921	27272.826	132.101
0	1933	27481.75	297.89
0	1936	27490.935	106.153
0	1941	27524.27	49.343
0	1948	27593.046	0
0	1957	27709.442	36.786
0	1977	28206.729	0
0	1984	28263.165	0
0	1987	28275.414	0
0	1991	28299.494	0
0	2003	28443.9	56.077
0	2009	28492.129	54.111
0	2024	28745.979	262.816
0	2035	28860.876	365.114
0	2043	28980.238	292.034
0	2046	29004.507	288.282
0	2057	29100.684	350.23
0	2063	29249.862	429.106
0	2071	29433.845	462.204
0	2079	29538.334	503.271
0	2082	29558.476	497.977
0	2088	29596.612	124.952
0	2096	29744.036	31.669
0	2111	29892.887	143.262
0	2133	30215.294	459.355
0	2140	30274.037	434.422
0	2143	30277.615	429.62
0	2150	30377.117	429.548
0	2156	30511.773	547.137
0	2163	30629.584	632.573
0	2166	30651.561	551.832
0	2176	30784.587	628.593
0	2183	30895.84	693.113
0	2188	30929.08	697.455
0	2195	30966.511	239.208
0	2200	31035.804	144.696
0	2205	31118.873	166.229
0	2214	31177.067	50.4
0	2222	31251.488	102.733
0	2227	31307.333	66.979
0	2237	31424.599	88.706
0	2245	31501.863	97.223
0	2249	31540.234	93.352
0	2256	31578.636	11.777
0	2270	31865.722	80.384
0	2275	31932.307	145.019
0	2288	32156.513	0
0	2295	32336.67	0
0	2299	32342.308	0
0	2310	32530.854	0
0	2327	32955.9	0
0	2336	33202.29	0
0	2344	33350.902	0
0	2358	33732.778	0
0	2363	33800.193	0
0	2373	34047.707	0
0	2380	34124.651	24.145
0	2396	34419.213	0
0	2399	34438.543	0
0	2422	35183.112	0
0	2431	35397.68	0
0	2442	35622.219	0
0	2445	35638.095	0
0	2456	35857.192	0
0	2458	35859.175	0
0	2470	35952.215	0
0	2472	35953.147	0
0	2482	36053.408	0
0	2489	36097.19	13.118
0	2497	36197.721	67.684
0	2504	36257.23	0
0	2511	36350.403	0
0	2523	36584.713	133.562
0	2526	36594.71	112.9
0	2543	36893.034	0
0	2552	37022.828	0
0	2556	37065.329	0
0	2563	37130.412	0
0	2572	37202.828	0
0	2583	37526.038	0
0	2591	37632.298	0
0	2604	37987.663	0
0	2609	38085.104	0
0	2617	38168.416	0
0	2622	38192.302	23.461
0	2632	38359.769	142.744
0	2641	38480.801	0
0	2650	38529.64	22.307
0	2658	38690.965	171.744
0	2662	38707.407	40.998
0	2674	38921.258	0
0	2685	39154.776	0
0	2687	39158.013	0
0	2696	39234.199	0
0	2706	39443.118	71.848
0	2716	39656.193	3.431
0	2725	39795.399	30.402
0	2736	39965.525	0
0	2740	40014.579	0
0	2748	40101.195	35.002
0	2762	40265.13	139.646
0	2774	40422.636	235.77
0	2779	40470.556	224.428
0	2785	40607.17	305.733
0	2789	40632.219	297.499
0	2800	40771.163	423.266
0	2811	40891.808	210.877
0	2819	40981.204	257.867
0	2828	41075.217	231.056
0	2835	41145.335	262.775
0	2847	41342.068	381.366
0	2860	41593.978	593.461
0	2863	41620.676	570.961
0	2869	41674.846	577.592
0	2875	41784.465	622.69
0	2878	41795.246	456.426
0	2885	41883.925	384.398
0	2890	41945.897	369.452
0	2901	42063.86	103.098
0	2906	42133.531	87.022
0	2915	42210.269	0
0	2918	42221.875	0
0	2927	42315.573	0
0	2934	42369.915	0
0	2943	42469.686	0
0	2947	42495.171	0
0	2958	42674.957	26.878
0	2965	42724.139	46.934
0	2971	42774.841	13.261
0	2982	42924.044	0
0	2990	43022.49	0
0	2994	43071.417	0
0	3002	43193.974	28.591
1	2	0	0
1	8	143.073	0
1	13	183.521	0
1	16	214.395	1
1	21	311.339	0
1	27	355.28	0
1	36	507.809	0
1	43	573.821	0
1	62	1047.939	0
1	68	1186.496	0
1	77	1265.182	0
1	84	1324.915	0
1	88	1375.356	0
1	99	1532.054	0
1	106	1601.327	0
1	109	1608.711	0
1	119	1751.108	0
1	130	1911.835	0
1	134	1936.014	0
1	144	2005.647	0
1	151	2096.646	0
1	157	2187.716	0
1	165	2308.462	0
1	180	2535.663	0
1	186	2690.344	0
1	192	2803.652	0
1	203	2957.46	0
1	211	3004.263	0
1	215	3058.153	0
1	219	3089.246	1
1	223	3121.315	2
1	225	3150.604	1
1	228	3177.609	0
1	248	3652.01	0
1	252	3663.605	0
1	264	3843.677	0
1	269	3911.313	0
1	278	3992.985	0
1	285	4059.565	0
1	290	4104.487	0
1	295	4171.176	0
1	304	4439.804	1
1	307	4471.561	0
1	322	4786.036	0
1	329	4869.655	0
1	337	4987.02	0
1	340	5001.764	0
1	346	5045.003	1
1	349	5105.334	0
1	351	5109.305	1
1	354	5110.623	0
1	363	5247.267	0
1	367	5281.862	1
1	370	5295.702	2
1	373	5377.803	3
1	377	5441.614	2
1	383	5541.227	1
1	388	5622.268	0
1	403	5886.332	0
1	410	6000.219	0
1	413	6015.645	0
1	419	6094.322	1
1	423	6205.198	2
1	426	6245.07	3
1	428	6252.529	2
1	433	6339.583	3
1	436	6389.948	4
1	438	6391.125	5
1	441	6420.881	4
1	444	6434.635	5
1	446	6435.2	4
1	450	6454.378	3
1	455	6484.642	4
1	459	6582.386	3
1	465	6621.863	4
1	467	6659.268	5
1	471	6744.973	6
1	473	6751.721	5
1	478	6818.195	6
1	481	6855.678	7
1	485	6961.486	8
1	487	6976.869	7
1	492	7053.301	6
1	497	7114.331	5
1	502	7165.001	4
1	505	7179.205	5
1	510	7246.206	4
1	514	7269.824	5
1	517	7292.963	6
1	519	7301.053	5
1	524	7338.357	6
1	527	7415.845	5
1	533	7514.87	4
1	538	7594.597	3
1	541	7604.446	4
1	545	7630.36	5
1	547	7644.36	4
1	552	7681.272	3
1	556	7732.324	4
1	558	7737.633	3
1	560	7739.418	2
1	567	7790.239	1
1	572	7815.506	0
1	574	7820.62	1
1	581	7939.041	2
1	586	8159.964	1
1	591	8199.867	0
1	608	8558.904	0
1	614	8667.2	0
1	622	8764.844	0
1	625	8785.618	0
1	631	8825.171	1
1	633	8836.717	0
1	643	8967.873	0
1	649	9013.935	0
1	655	9155.242	1
1	657	9167.994	0
1	665	9252.238	0
1	672	9311.347	0
1	684	9622.391	0
1	696	9843.56	0
1	700	9896.627	0
1	703	9901.975	1
1	707	9933.542	2
1	709	9952.635	1
1	714	9990.94	2
1	716	9997.352	1
1	719	10019.869	0
1	726	10086.538	1
1	728	10106.509	0
1	749	10731.264	0
1	754	10784.055	0
1	764	10956.59	0
1	774	11064.515	0
1	780	11205.718	0
1	784	11225.38	0
1	789	11266.917	1
1	792	11299.985	2
1	795	11355.023	3
1	797	11361.867	2
1	803	11405.515	3
1	806	11491.886	4
1	808	11495.47	5
1	812	11595.679	4
1	815	11606.672	3
1	818	11627.288	4
1	823	11654.546	3
1	828	11708.615	2
1	831	11720.216	1
1	834	11723.655	2
1	840	11837.874	1
1	845	11892.074	0
1	854	11982.99	0
1	867	12207.881	0
1	873	12304.574	0
1	882	12535.844	0
1	887	12594.148	0
1	893	12639.862	1
1	895	12648.685	0
1	900	12692.346	1
1	902	12714.862	2
1	905	12779.815	3
1	909	12841.757	2
1	913	12890.336	1
1	919	12991.825	2
1	922	13023.577	1
1	925	13027.623	0
1	930	13069.941	1
1	934	13167.716	0
1	937	13173.628	1
1	942	13240.356	0
1	949	13277.909	0
1	951	13278.232	1
1	956	13365.133	0
1	966	13581.143	0
1	980	13864.041	0
1	983	13891.969	0
1	992	13985.438	0
1	999	14073.517	0
1	1012	14352.143	0
1	1029	14845.626	0
1	1034	14881.361	0
1	1039	14981.073	0
1	1051	15178.461	0
1	1058	15238.639	0
1	1065	15396.237	0
1	1068	15417.312	1
1	1072	15439.367	2
1	1074	15452.891	1
1	1082	15652.566	0
1	1096	15965.002	0
1	1113	16457.687	0
1	1116	16467.61	0
1	1119	16475.734	0
1	1128	16542.841	0
1	1135	16614.72	0
1	1143	16709.946	0
1	1146	16721.703	1
1	1148	16725.056	2
1	1152	16767.32	3
1	1159	17034.905	2
1	1164	17082.36	3
1	1167	17137.348	2
1	1170	17151.97	1
1	1173	17156.289	0
1	1178	17183.359	1
1	1181	17187.2	0
1	1189	17256.728	0
1	1199	17419.239	0
1	1201	17425.215	1
1	1206	17461.653	0
1	1209	17489.921	1
1	1213	17524.409	0
1	1215	17525.381	1
1	1220	17583.038	2
1	1222	17599.956	1
1	1228	17751.253	0
1	1232	17780.685	1
1	1236	17868.283	0
1	1244	17980.631	0
1	1252	18024.546	0
1	1258	18155.875	1
1	1260	18170.047	2
1	1263	18181.227	1
1	1265	18182.433	0
1	1269	18195.359	1
1	1275	18326.548	2
1	1278	18373.972	1
1	1282	18410.296	2
1	1285	18472.268	3
1	1289	18541.916	4
1	1291	18565.891	5
1	1295	18635.087	6
1	1297	18640.994	7
1	1300	18691.992	6
1	1305	18743.548	5
1	1310	18814.823	6
1	1313	18851.918	7
1	1315	18862.565	8
1	1318	18946.733	7
1	1323	18979.681	6
1	1329	19118.351	7
1	1332	19188.464	6
1	1335	19192.579	5
1	1341	19226.204	4
1	1347	19307.362	3
1	1351	19320.738	4
1	1353	19325.238	3
1	1357	19357.351	2
1	1361	19376.237	1
1	1367	19434.35	0
1	1379	19635.765	0
1	1389	19802.912	0
1	1394	19812.807	0
1	1403	19950.989	0
1	1410	20157.772	0
1	1424	20446.554	0
1	1428	20463.077	0
1	1431	20473.034	1
1	1434	20483.272	2
1	1437	20501.15	3
1	1440	20562.325	4
1	1442	20572.536	5
1	1445	20638	4
1	1447	20638.798	5
1	1454	20784.884	4
1	1457	20813.751	3
1	1463	20868.248	2
1	1467	20881.044	1
1	1469	20882.799	2
1	1475	20954.223	1
1	1477	20955.104	0
1	1481	20964.624	1
1	1488	21081.363	0
1	1497	21164.955	0
1	1505	21362.948	0
1	1507	21363.842	1
1	1513	21491.73	2
1	1516	21566.271	3
1	1518	21589.441	2
1	1524	21638.7	1
1	1530	21730.01	0
1	1540	21888.741	0
1	1546	21916.436	0
1	1551	21957.233	0
1	1556	22014.401	1
1	1559	22023.996	0
1	1565	22146.854	1
1	1567	22150.425	2
1	1571	22224.338	1
1	1575	22258.119	2
1	1578	22274.889	1
1	1582	22318.744	0
1	1586	22333.52	1
1	1591	22467.898	2
1	1593	22487.304	1
1	1596	22498.817	0
1	1601	22527.505	1
1	1605	22561.976	0
1	1610	22672.826	1
1	1612	22674.998	0
1	1622	22766.699	0
1	1625	22774.992	0
1	1628	22782.178	1
1	1635	22909.316	2
1	1639	23013.525	1
1	1644	23076.236	2
1	1648	23162.161	3
1	1651	23264.495	4
1	1655	23399.619	3
1	1659	23403.386	2
1	1665	23459.609	1
1	1671	23522.351	0
1	1675	23568.337	1
1	1679	23698.207	2
1	1682	23717.371	1
1	1687	23761.453	0
1	1704	24163.872	0
1	1713	24352.471	0
1	1719	24440.227	0
1	1726	24506.814	0
1	1736	24693.06	0
1	1743	24756.696	0
1	1750	24835.404	0
1	1754	24859.457	0
1	1763	24970.3	0
1	1774	25194.433	0
1	1779	25219.262	0
1	1787	25311.31	0
1	1807	25852.87	0
1	1812	25885.267	0
1	1823	26183.695	0
1	1837	26484.402	0
1	1840	26495.89	0
1	1847	26613.661	0
1	1856	26697.372	0
1	1861	26742.539	0
1	1864	26748.359	1
1	1867	26765.432	2
1	1870	26798.631	3
1	1872	26807.576	2
1	1874	26810.68	3
1	1877	26811.976	2
1	1883	26858.007	1
1	1887	26881.597	2
1	1890	26906.889	1
1	1895	26979.786	0
1	1902	27079.498	1
1	1904	27084.8	2
1	1907	27140.725	3
1	1909	27141.113	2
1	1911	27142.17	1
1	1918	27183.86	2
1	1921	27272.826	1
1	1927	27384.782	2
1	1930	27474.927	3
1	1933	27481.75	2
1	1936	27490.935	1
1	1941	27524.27	0
1	1948	27593.046	0
1	1955	27672.656	1
1	1957	27709.442	0
1	1977	28206.729	0
1	1984	28263.165	0
1	1987	28275.414	0
1	1991	28299.494	0
1	1998	28387.823	1
1	2000	28438.018	2
1	2003	28443.9	1
1	2007	28483.163	2
1	2009	28492.129	1
1	2011	28495.762	2
1	2019	28688.204	3
1	2021	28716.225	4
1	2024	28745.979	3
1	2026	28750.454	4
1	2032	28820.756	5
1	2035	28860.876	4
1	2040	28971.641	5
1	2043	28980.238	4
1	2046	29004.507	3
1	2050	29035.063	4
1	2054	29060.499	5
1	2057	29100.684	4
1	2063	29249.862	3
1	2071	29433.845	2
1	2076	29471.66	3
1	2079	29538.334	2
1	2082	29558.476	1
1	2088	29596.612	0
1	2094	29712.367	1
1	2096	29744.036	0
1	2099	29749.625	1
1	2101	29755.939	2
1	2106	29839.615	3
1	2108	29847.995	4
1	2111	29892.887	3
1	2116	29947.569	4
1	2118	29964.636	5
1	2120	29997.011	6
1	2125	30099.729	7
1	2128	30155.994	8
1	2131	30202.727	9
1	2133	30215.294	8
1	2136	30231.625	9
1	2140	30274.037	8
1	2143	30277.615	7
1	2150	30377.117	6
1	2156	30511.773	5
1	2163	30629.584	4
1	2166	30651.561	3
1	2173	30727.303	4
1	2176	30784.587	3
1	2181	30891.108	4
1	2183	30895.84	3
1	2188	30929.08	2
1	2191	30952.644	3
1	2195	30966.511	2
1	2200	31035.804	1
1	2205	31118.873	0
1	2208	31126.667	1
1	2211	31148.755	2
1	2214	31177.067	1
1	2220	31240.354	2
1	2222	31251.488	1
1	2227	31307.333	0
1	2231	31335.893	1
1	2235	31404.64	2
1	2237	31424.599	1
1	2241	31446.882	2
1	2245	31501.863	1
1	2249	31540.234	0
1	2253	31566.859	1
1	2256	31578.636	0
1	2263	31785.338	1
1	2265	31787.288	2
1	2270	31865.722	1
1	2275	31932.307	0
1	2288	32156.513	0
1	2295	32336.67	0
1	2299	32342.308	0
1	2310	32530.854	0
1	2327	32955.9	0
1	2336	33202.29	0
1	2344	33350.902	0
1	2358	33732.778	0
1	2363	33800.193	0
1	2373	34047.707	0
1	2378	34100.506	1
1	2380	34124.651	0
1	2396	34419.213	0
1	2399	34438.543	0
1	2422	35183.112	0
1	2431	35397.68	0
1	2442	35622.219	0
1	2445	35638.095	0
1	2456	35857.192	0
1	2458	35859.175	0
1	2470	35952.215	0
1	2472	35953.147	0
1	2482	36053.408	0
1	2486	36084.072	1
1	2489	36097.19	0
1	2493	36130.037	1
1	2497	36197.721	0
1	2504	36257.23	0
1	2511	36350.403	0
1	2517	36451.151	1
1	2520	36481.81	2
1	2523	36584.713	1
1	2526	36594.71	0
1	2543	36893.034	0
1	2552	37022.828	0
1	2556	37065.329	0
1	2563	37130.412	0
1	2572	37202.828	0
1	2583	37526.038	0
1	2591	37632.298	0
1	2604	37987.663	0
1	2609	38085.104	0
1	2617	38168.416	0
1	2619	38168.841	1
1	2622	38192.302	0
1	2626	38217.025	1
1	2632	38359.769	0
1	2641	38480.801	0
1	2644	38507.333	1
1	2647	38519.221	2
1	2650	38529.64	1
1	2656	38666.409	2
1	2658	38690.965	1
1	2662	38707.407	0
1	2674	38921.258	0
1	2685	39154.776	0
1	2687	39158.013	0
1	2696	39234.199	0
1	2703	39371.27	1
1	2706	39443.118	0
1	2714	39652.762	1
1	2716	39656.193	0
1	2722	39764.997	1
1	2725	39795.399	0
1	2736	39965.525	0
1	2740	40014.579	0
1	2745	40066.193	1
1	2748	40101.195	0
1	2751	40125.484	1
1	2755	40186.866	2
1	2759	40246.128	3
1	2762	40265.13	2
1	2766	40301.437	3
1	2769	40334.72	4
1	2771	40347.897	5
1	2774	40422.636	4
1	2779	40470.556	3
1	2785	40607.17	2
1	2789	40632.219	1
1	2795	40680.931	2
1	2797	40723.337	3
1	2800	40771.163	2
1	2806	40844.161	3
1	2809	40882.56	4
1	2811	40891.808	3
1	2816	40960.702	4
1	2819	40981.204	3
1	2822	41000.517	4
1	2826	41049.715	5
1	2828	41075.217	4
1	2831	41097.254	5
1	2835	41145.335	4
1	2839	41161.775	5
1	2844	41338.82	6
1	2847	41342.068	5
1	2854	41499.527	6
1	2857	41576.445	7
1	2860	41593.978	6
1	2863	41620.676	5
1	2869	41674.846	4
1	2875	41784.465	3
1	2878	41795.246	2
1	2885	41883.925	1
1	2890	41945.897	0
1	2893	41960.762	1
1	2898	42046.509	2
1	2901	42063.86	1
1	2906	42133.531	0
1	2915	42210.269	0
1	2918	42221.875	0
1	2927	42315.573	0
1	2934	42369.915	0
1	2943	42469.686	0
1	2947	42495.171	0
1	2955	42648.079	1
1	2958	42674.957	0
1	2961	42677.205	1
1	2965	42724.139	0
1	2969	42761.58	1
1	2971	42774.841	0
1	2982	42924.044	0
1	2990	43022.49	0
1	2994	43071.417	0
1	3000	43165.383	1
1	3002	43193.974	0
2	5	60	0
2	6	120	0
2	11	180	0
2	18	240	1
2	19	300	1
2	29	360	0
2	33	420	0
2	34	480	0
2	38	540	0
2	46	600	0
2	50	660	0
2	51	720	0
2	54	780	0
2	55	840	0
2	56	900	0
2	59	960	0
2	60	1020	0
2	65	1080	0
2	66	1140	0
2	71	1200	0
2	75	1260	0
2	82	1320	0
2	89	1380	0
2	94	1440	0
2	95	1500	0
2	101	1560	0
2	111	1620	0
2	116	1680	0
2	117	1740	0
2	125	1800	0
2	126	1860	0
2	132	1920	0
2	138	1980	0
2	149	2040	0
2	152	2100	0
2	155	2160	0
2	159	2220	0
2	163	2280	0
2	171	2340	0
2	174	2400	0
2	175	2460	0
2	178	2520	0
2	183	2580	0
2	184	2640	0
2	188	2700	0
2	190	2760	0
2	194	2820	0
2	198	2880	0
2	201	2940	0
2	209	3000	0
2	216	3060	0
2	221	3120	1
2	229	3180	0
2	233	3240	0
2	236	3300	0
2	237	3360	0
2	238	3420	0
2	241	3480	0
2	242	3540	0
2	246	3600	0
2	250	3660	0
2	258	3720	0
2	259	3780	0
2	262	3840	0
2	267	3900	0
2	274	3960	0
2	280	4020	0
2	287	4080	0
2	293	4140	0
2	298	4200	0
2	300	4260	0
2	301	4320	0
2	302	4380	0
2	305	4440	1
2	311	4500	0
2	313	4560	0
2	314	4620	0
2	319	4680	0
2	320	4740	0
2	325	4800	0
2	327	4860	0
2	332	4920	0
2	335	4980	0
2	344	5040	0
2	347	5100	1
2	358	5160	0
2	361	5220	0
2	365	5280	0
2	371	5340	2
2	375	5400	3
2	379	5460	2
2	381	5520	2
2	386	5580	1
2	390	5640	0
2	392	5700	0
2	397	5760	0
2	400	5820	0
2	401	5880	0
2	406	5940	0
2	408	6000	0
2	417	6060	0
2	420	6120	1
2	421	6180	1
2	424	6240	2
2	431	6300	2
2	434	6360	3
2	439	6420	5
2	453	6480	3
2	457	6540	4
2	462	6600	3
2	468	6660	5
2	469	6720	5
2	475	6780	5
2	479	6840	6
2	482	6900	7
2	483	6960	7
2	490	7020	7
2	494	7080	6
2	499	7140	5
2	507	7200	5
2	512	7260	4
2	521	7320	5
2	525	7380	6
2	529	7440	5
2	531	7500	5
2	536	7560	4
2	542	7620	4
2	549	7680	4
2	561	7740	2
2	570	7800	1
2	578	7860	1
2	579	7920	1
2	582	7980	2
2	583	8040	2
2	584	8100	2
2	587	8160	1
2	593	8220	0
2	595	8280	0
2	598	8340	0
2	602	8400	0
2	605	8460	0
2	606	8520	0
2	610	8580	0
2	612	8640	0
2	618	8700	0
2	620	8760	0
2	628	8820	0
2	638	8880	0
2	641	8940	0
2	647	9000	0
2	652	9060	0
2	653	9120	0
2	661	9180	0
2	663	9240	0
2	670	9300	0
2	675	9360	0
2	678	9420	0
2	679	9480	0
2	680	9540	0
2	682	9600	0
2	689	9660	0
2	690	9720	0
2	691	9780	0
2	694	9840	0
2	701	9900	0
2	711	9960	1
2	720	10020	0
2	724	10080	0
2	733	10140	0
2	735	10200	0
2	738	10260	0
2	739	10320	0
2	742	10380	0
2	743	10440	0
2	744	10500	0
2	745	10560	0
2	746	10620	0
2	747	10680	0
2	751	10740	0
2	757	10800	0
2	761	10860	0
2	762	10920	0
2	766	10980	0
2	772	11040	0
2	777	11100	0
2	778	11160	0
2	782	11220	0
2	790	11280	1
2	793	11340	2
2	801	11400	2
2	804	11460	3
2	809	11520	5
2	810	11580	5
2	820	11640	4
2	826	11700	3
2	837	11760	2
2	838	11820	2
2	843	11880	1
2	850	11940	0
2	857	12000	0
2	859	12060	0
2	862	12120	0
2	865	12180	0
2	870	12240	0
2	871	12300	0
2	876	12360	0
2	877	12420	0
2	878	12480	0
2	884	12540	0
2	889	12600	0
2	897	12660	0
2	903	12720	2
2	906	12780	3
2	907	12840	3
2	915	12900	1
2	917	12960	1
2	920	13020	2
2	931	13080	1
2	932	13140	1
2	940	13200	1
2	946	13260	0
2	954	13320	1
2	960	13380	0
2	962	13440	0
2	963	13500	0
2	964	13560	0
2	969	13620	0
2	972	13680	0
2	975	13740	0
2	977	13800	0
2	978	13860	0
2	986	13920	0
2	990	13980	0
2	995	14040	0
2	1003	14100	0
2	1005	14160	0
2	1008	14220	0
2	1009	14280	0
2	1010	14340	0
2	1018	14400	0
2	1019	14460	0
2	1020	14520	0
2	1021	14580	0
2	1024	14640	0
2	1025	14700	0
2	1026	14760	0
2	1027	14820	0
2	1032	14880	0
2	1037	14940	0
2	1042	15000	0
2	1044	15060	0
2	1047	15120	0
2	1054	15180	0
2	1059	15240	0
2	1062	15300	0
2	1063	15360	0
2	1069	15420	1
2	1076	15480	1
2	1078	15540	1
2	1080	15600	1
2	1084	15660	0
2	1086	15720	0
2	1089	15780	0
2	1092	15840	0
2	1093	15900	0
2	1094	15960	0
2	1101	16020	0
2	1102	16080	0
2	1103	16140	0
2	1105	16200	0
2	1106	16260	0
2	1107	16320	0
2	1108	16380	0
2	1111	16440	0
2	1124	16500	0
2	1132	16560	0
2	1137	16620	0
2	1139	16680	0
2	1149	16740	2
2	1154	16800	3
2	1155	16860	3
2	1156	16920	3
2	1157	16980	3
2	1160	17040	2
2	1165	17100	3
2	1175	17160	0
2	1186	17220	0
2	1191	17280	0
2	1193	17340	0
2	1197	17400	0
2	1204	17460	1
2	1211	17520	1
2	1218	17580	1
2	1225	17640	1
2	1226	17700	1
2	1230	17760	0
2	1234	17820	1
2	1238	17880	0
2	1242	17940	0
2	1249	18000	0
2	1255	18060	0
2	1256	18120	0
2	1261	18180	2
2	1272	18240	1
2	1273	18300	1
2	1276	18360	2
2	1283	18420	2
2	1286	18480	3
2	1287	18540	3
2	1293	18600	5
2	1298	18660	7
2	1302	18720	6
2	1308	18780	5
2	1311	18840	6
2	1316	18900	8
2	1320	18960	7
2	1326	19020	6
2	1327	19080	6
2	1330	19140	7
2	1338	19200	5
2	1344	19260	4
2	1349	19320	3
2	1363	19380	1
2	1368	19440	0
2	1371	19500	0
2	1372	19560	0
2	1377	19620	0
2	1382	19680	0
2	1385	19740	0
2	1387	19800	0
2	1398	19860	0
2	1401	19920	0
2	1405	19980	0
2	1407	20040	0
2	1408	20100	0
2	1411	20160	0
2	1416	20220	0
2	1417	20280	0
2	1420	20340	0
2	1422	20400	0
2	1426	20460	0
2	1438	20520	3
2	1443	20580	5
2	1448	20640	5
2	1451	20700	5
2	1452	20760	5
2	1460	20820	3
2	1465	20880	2
2	1473	20940	2
2	1485	21000	1
2	1486	21060	1
2	1493	21120	0
2	1499	21180	0
2	1501	21240	0
2	1502	21300	0
2	1503	21360	0
2	1510	21420	1
2	1511	21480	1
2	1514	21540	2
2	1521	21600	2
2	1526	21660	1
2	1528	21720	1
2	1533	21780	0
2	1536	21840	0
2	1544	21900	0
2	1552	21960	0
2	1557	22020	1
2	1562	22080	0
2	1563	22140	0
2	1569	22200	2
2	1576	22260	2
2	1583	22320	0
2	1588	22380	1
2	1589	22440	1
2	1597	22500	0
2	1603	22560	1
2	1608	22620	0
2	1614	22680	0
2	1620	22740	0
2	1630	22800	1
2	1633	22860	1
2	1636	22920	2
2	1637	22980	2
2	1641	23040	1
2	1645	23100	2
2	1646	23160	2
2	1649	23220	3
2	1652	23280	4
2	1653	23340	4
2	1657	23400	3
2	1666	23460	1
2	1669	23520	1
2	1676	23580	1
2	1677	23640	1
2	1680	23700	2
2	1685	23760	1
2	1692	23820	0
2	1693	23880	0
2	1696	23940	0
2	1698	24000	0
2	1699	24060	0
2	1700	24120	0
2	1706	24180	0
2	1708	24240	0
2	1711	24300	0
2	1715	24360	0
2	1717	24420	0
2	1724	24480	0
2	1729	24540	0
2	1733	24600	0
2	1734	24660	0
2	1738	24720	0
2	1745	24780	0
2	1752	24840	0
2	1758	24900	0
2	1759	24960	0
2	1766	25020	0
2	1767	25080	0
2	1768	25140	0
2	1777	25200	0
2	1783	25260	0
2	1789	25320	0
2	1795	25380	0
2	1796	25440	0
2	1797	25500	0
2	1800	25560	0
2	1801	25620	0
2	1802	25680	0
2	1803	25740	0
2	1805	25800	0
2	1809	25860	0
2	1815	25920	0
2	1818	25980	0
2	1819	26040	0
2	1820	26100	0
2	1821	26160	0
2	1828	26220	0
2	1829	26280	0
2	1830	26340	0
2	1834	26400	0
2	1835	26460	0
2	1843	26520	0
2	1845	26580	0
2	1851	26640	0
2	1858	26700	0
2	1865	26760	1
2	1879	26820	2
2	1885	26880	1
2	1892	26940	1
2	1898	27000	0
2	1900	27060	0
2	1905	27120	2
2	1916	27180	1
2	1919	27240	2
2	1923	27300	1
2	1925	27360	1
2	1928	27420	2
2	1931	27480	3
2	1943	27540	0
2	1951	27600	0
2	1953	27660	0
2	1959	27720	0
2	1961	27780	0
2	1962	27840	0
2	1965	27900	0
2	1966	27960	0
2	1969	28020	0
2	1970	28080	0
2	1973	28140	0
2	1975	28200	0
2	1982	28260	0
2	1994	28320	0
2	1996	28380	0
2	2001	28440	2
2	2013	28500	2
2	2015	28560	2
2	2016	28620	2
2	2017	28680	2
2	2022	28740	4
2	2030	28800	4
2	2033	28860	5
2	2038	28920	4
2	2041	28980	5
2	2051	29040	4
2	2055	29100	5
2	2060	29160	4
2	2061	29220	4
2	2065	29280	3
2	2067	29340	3
2	2069	29400	3
2	2073	29460	2
2	2077	29520	3
2	2085	29580	1
2	2091	29640	0
2	2092	29700	0
2	2102	29760	2
2	2104	29820	2
2	2109	29880	4
2	2114	29940	3
2	2122	30000	6
2	2123	30060	6
2	2126	30120	7
2	2129	30180	8
2	2137	30240	9
2	2145	30300	7
2	2148	30360	7
2	2153	30420	6
2	2154	30480	6
2	2158	30540	5
2	2161	30600	5
2	2168	30660	3
2	2171	30720	3
2	2174	30780	4
2	2179	30840	3
2	2185	30900	3
2	2192	30960	3
2	2198	31020	2
2	2203	31080	1
2	2209	31140	1
2	2217	31200	1
2	2224	31260	1
2	2229	31320	0
2	2233	31380	1
2	2239	31440	1
2	2243	31500	2
2	2251	31560	0
2	2259	31620	0
2	2260	31680	0
2	2261	31740	0
2	2267	31800	2
2	2268	31860	2
2	2273	31920	1
2	2280	31980	0
2	2281	32040	0
2	2284	32100	0
2	2290	32160	0
2	2292	32220	0
2	2293	32280	0
2	2296	32340	0
2	2304	32400	0
2	2307	32460	0
2	2308	32520	0
2	2313	32580	0
2	2314	32640	0
2	2319	32700	0
2	2320	32760	0
2	2321	32820	0
2	2322	32880	0
2	2325	32940	0
2	2331	33000	0
2	2332	33060	0
2	2333	33120	0
2	2334	33180	0
2	2339	33240	0
2	2340	33300	0
2	2346	33360	0
2	2350	33420	0
2	2351	33480	0
2	2352	33540	0
2	2354	33600	0
2	2355	33660	0
2	2356	33720	0
2	2361	33780	0
2	2366	33840	0
2	2367	33900	0
2	2368	33960	0
2	2369	34020	0
2	2376	34080	0
2	2382	34140	0
2	2387	34200	0
2	2390	34260	0
2	2393	34320	0
2	2394	34380	0
2	2400	34440	0
2	2404	34500	0
2	2405	34560	0
2	2406	34620	0
2	2407	34680	0
2	2410	34740	0
2	2412	34800	0
2	2413	34860	0
2	2414	34920	0
2	2415	34980	0
2	2416	35040	0
2	2417	35100	0
2	2420	35160	0
2	2425	35220	0
2	2428	35280	0
2	2429	35340	0
2	2434	35400	0
2	2436	35460	0
2	2439	35520	0
2	2440	35580	0
2	2446	35640	0
2	2450	35700	0
2	2453	35760	0
2	2454	35820	0
2	2463	35880	0
2	2468	35940	0
2	2478	36000	0
2	2484	36060	0
2	2491	36120	0
2	2495	36180	1
2	2500	36240	0
2	2507	36300	0
2	2513	36360	0
2	2515	36420	0
2	2518	36480	1
2	2521	36540	2
2	2528	36600	0
2	2534	36660	0
2	2537	36720	0
2	2538	36780	0
2	2541	36840	0
2	2545	36900	0
2	2547	36960	0
2	2550	37020	0
2	2560	37080	0
2	2565	37140	0
2	2570	37200	0
2	2575	37260	0
2	2576	37320	0
2	2577	37380	0
2	2580	37440	0
2	2581	37500	0
2	2588	37560	0
2	2589	37620	0
2	2596	37680	0
2	2597	37740	0
2	2599	37800	0
2	2600	37860	0
2	2601	37920	0
2	2602	37980	0
2	2607	38040	0
2	2611	38100	0
2	2615	38160	0
2	2627	38220	1
2	2629	38280	1
2	2630	38340	1
2	2638	38400	0
2	2639	38460	0
2	2648	38520	2
2	2653	38580	1
2	2654	38640	1
2	2660	38700	1
2	2666	38760	0
2	2667	38820	0
2	2672	38880	0
2	2678	38940	0
2	2681	39000	0
2	2682	39060	0
2	2683	39120	0
2	2690	39180	0
2	2697	39240	0
2	2700	39300	0
2	2701	39360	0
2	2704	39420	1
2	2709	39480	0
2	2710	39540	0
2	2712	39600	0
2	2717	39660	0
2	2720	39720	0
2	2723	39780	1
2	2728	39840	0
2	2731	39900	0
2	2734	39960	0
2	2741	40020	0
2	2746	40080	1
2	2753	40140	1
2	2757	40200	2
2	2760	40260	3
2	2767	40320	3
2	2772	40380	5
2	2776	40440	4
2	2781	40500	3
2	2783	40560	3
2	2787	40620	2
2	2793	40680	1
2	2798	40740	3
2	2803	40800	2
2	2807	40860	3
2	2813	40920	3
2	2817	40980	4
2	2824	41040	4
2	2832	41100	5
2	2837	41160	4
2	2841	41220	5
2	2842	41280	5
2	2845	41340	6
2	2851	41400	5
2	2852	41460	5
2	2855	41520	6
2	2858	41580	7
2	2866	41640	5
2	2871	41700	4
2	2873	41760	4
2	2881	41820	2
2	2883	41880	2
2	2888	41940	1
2	2896	42000	1
2	2899	42060	2
2	2904	42120	1
2	2913	42180	0
2	2920	42240	0
2	2925	42300	0
2	2930	42360	0
2	2937	42420	0
2	2945	42480	0
2	2951	42540	0
2	2953	42600	0
2	2956	42660	1
2	2963	42720	1
2	2973	42780	0
2	2979	42840	0
2	2980	42900	0
2	2985	42960	0
2	2988	43020	0
2	2996	43080	0
2	2998	43140	0
2	3005	43200	0
3	21	311.339	1
3	24	331.548	0
3	32	411.865	2
3	41	549.41	4
3	49	650.124	3
3	53	732.829	6
3	58	907.23	5
3	74	1256.68	8
3	80	1287.965	7
3	93	1422.188	9
3	97	1505.385	11
3	104	1593.802	10
3	114	1633.426	12
3	122	1755.144	13
3	128	1860.99	14
3	140	1990.136	16
3	142	1993	17
3	147	2024.894	15
3	162	2264.657	19
3	167	2308.558	20
3	170	2336.673	18
3	177	2505.048	21
3	196	2830.603	23
3	200	2891.234	22
3	206	2969.235	24
3	225	3150.604	26
3	228	3177.609	27
3	235	3244.677	25
3	240	3423.859	28
3	244	3562.189	29
3	257	3704.416	31
3	261	3820.482	30
3	272	3921.528	32
3	276	3985.473	33
3	283	4044.238	34
3	307	4471.561	36
3	310	4490.909	37
3	316	4621.018	35
3	318	4677.63	38
3	334	4967.825	39
3	349	5105.334	40
3	354	5110.623	41
3	360	5202.831	42
3	377	5441.614	45
3	383	5541.227	46
3	388	5622.268	43
3	394	5739.093	44
3	396	5753.122	47
3	399	5794.083	48
3	428	6252.529	49
3	441	6420.881	52
3	446	6435.2	51
3	450	6454.378	50
3	459	6582.386	53
3	473	6751.721	54
3	487	6976.869	55
3	492	7053.301	57
3	497	7114.331	56
3	502	7165.001	59
3	510	7246.206	58
3	519	7301.053	62
3	527	7415.845	60
3	533	7514.87	64
3	538	7594.597	65
3	547	7644.36	61
3	552	7681.272	63
3	558	7737.633	67
3	560	7739.418	68
3	567	7790.239	66
3	572	7815.506	69
3	586	8159.964	72
3	591	8199.867	73
3	597	8293.179	70
3	600	8391.451	74
3	604	8425.601	71
3	617	8679.919	75
3	633	8836.717	77
3	637	8871.039	76
3	640	8896.292	79
3	657	9167.994	78
3	659	9171.889	80
3	668	9263.126	82
3	677	9392.514	83
3	687	9625.228	81
3	693	9810.747	84
3	709	9952.635	85
3	716	9997.352	86
3	719	10019.869	87
3	728	10106.509	88
3	732	10139.503	91
3	737	10251.121	90
3	741	10324.306	89
3	760	10832.305	93
3	769	11001.145	94
3	771	11007.146	92
3	797	11361.867	96
3	812	11595.679	95
3	815	11606.672	97
3	823	11654.546	99
3	828	11708.615	100
3	831	11720.216	101
3	840	11837.874	102
3	845	11892.074	98
3	848	11900.207	103
3	852	11977.588	105
3	861	12098.439	106
3	864	12133.895	104
3	880	12535.33	108
3	895	12648.685	107
3	909	12841.757	109
3	913	12890.336	112
3	922	13023.577	113
3	925	13027.623	110
3	934	13167.716	111
3	942	13240.356	115
3	945	13250.486	114
3	956	13365.133	117
3	959	13376.636	116
3	971	13656.785	119
3	974	13716.251	120
3	989	13979.082	121
3	997	14071.037	122
3	1002	14097.054	123
3	1007	14193.709	124
3	1015	14380.402	118
3	1023	14583.085	125
3	1046	15090.326	127
3	1049	15121.216	128
3	1053	15179.051	126
3	1074	15452.891	129
3	1082	15652.566	131
3	1088	15766.12	130
3	1091	15791.738	133
3	1099	15969.028	132
3	1110	16416.973	134
3	1123	16490.975	135
3	1131	16556.531	136
3	1141	16702.097	139
3	1159	17034.905	137
3	1167	17137.348	141
3	1170	17151.97	140
3	1173	17156.289	138
3	1181	17187.2	142
3	1185	17202.758	143
3	1195	17377.331	145
3	1206	17461.653	146
3	1213	17524.409	144
3	1222	17599.956	149
3	1228	17751.253	147
3	1236	17868.283	151
3	1241	17934.34	148
3	1247	17996.438	150
3	1263	18181.227	154
3	1265	18182.433	152
3	1278	18373.972	155
3	1300	18691.992	157
3	1305	18743.548	156
3	1318	18946.733	158
3	1323	18979.681	159
3	1332	19188.464	160
3	1335	19192.579	153
3	1341	19226.204	161
3	1347	19307.362	164
3	1353	19325.238	163
3	1357	19357.351	165
3	1361	19376.237	162
3	1367	19434.35	167
3	1374	19569.572	169
3	1376	19613.069	168
3	1384	19692.638	166
3	1392	19807.197	170
3	1400	19900.129	172
3	1415	20212.967	173
3	1419	20307.734	171
3	1445	20638	175
3	1454	20784.884	176
3	1457	20813.751	174
3	1463	20868.248	177
3	1467	20881.044	179
3	1475	20954.223	180
3	1477	20955.104	178
3	1488	21081.363	181
3	1491	21097.387	182
3	1495	21140.565	183
3	1518	21589.441	186
3	1524	21638.7	185
3	1530	21730.01	184
3	1535	21823.225	187
3	1538	21880.146	188
3	1543	21898.37	189
3	1559	22023.996	191
3	1571	22224.338	190
3	1578	22274.889	192
3	1582	22318.744	195
3	1593	22487.304	193
3	1596	22498.817	194
3	1605	22561.976	198
3	1612	22674.998	197
3	1616	22682.496	196
3	1619	22731.767	200
3	1639	23013.525	201
3	1655	23399.619	203
3	1659	23403.386	199
3	1665	23459.609	204
3	1671	23522.351	205
3	1682	23717.371	207
3	1687	23761.453	208
3	1690	23782.43	206
3	1695	23887.253	209
3	1702	24141.379	202
3	1710	24246.317	210
3	1722	24471.873	211
3	1731	24575.451	212
3	1741	24740.336	214
3	1748	24811.926	213
3	1761	24960.429	216
3	1770	25151.016	217
3	1772	25185.019	215
3	1785	25283.003	220
3	1791	25332.774	218
3	1794	25358.049	219
3	1799	25511.846	221
3	1817	25930.267	222
3	1826	26195.742	223
3	1832	26396.811	224
3	1850	26620.741	226
3	1854	26665.916	225
3	1872	26807.576	229
3	1877	26811.976	227
3	1883	26858.007	231
3	1890	26906.889	230
3	1895	26979.786	232
3	1909	27141.113	228
3	1911	27142.17	234
3	1921	27272.826	235
3	1933	27481.75	233
3	1936	27490.935	237
3	1941	27524.27	239
3	1946	27586.189	240
3	1957	27709.442	238
3	1964	27880.289	242
3	1968	27993.513	241
3	1972	28124.146	236
3	1981	28258.017	243
3	2003	28443.9	244
3	2009	28492.129	246
3	2024	28745.979	248
3	2035	28860.876	247
3	2043	28980.238	250
3	2046	29004.507	249
3	2057	29100.684	245
3	2063	29249.862	252
3	2071	29433.845	253
3	2079	29538.334	254
3	2082	29558.476	251
3	2088	29596.612	257
3	2096	29744.036	255
3	2111	29892.887	259
3	2133	30215.294	258
3	2140	30274.037	261
3	2143	30277.615	256
3	2150	30377.117	263
3	2156	30511.773	262
3	2163	30629.584	265
3	2166	30651.561	264
3	2176	30784.587	266
3	2183	30895.84	268
3	2188	30929.08	267
3	2195	30966.511	270
3	2200	31035.804	269
3	2205	31118.873	260
3	2214	31177.067	272
3	2222	31251.488	274
3	2227	31307.333	273
3	2237	31424.599	276
3	2245	31501.863	275
3	2249	31540.234	278
3	2256	31578.636	277
3	2270	31865.722	280
3	2275	31932.307	281
3	2279	31972.503	271
3	2283	32096.786	279
3	2286	32121.869	282
3	2306	32452.317	285
3	2316	32668.588	284
3	2318	32695.173	283
3	2324	32911.813	286
3	2342	33340.785	288
3	2349	33403.128	287
3	2371	34034.694	290
3	2380	34124.651	291
3	2385	34178	293
3	2389	34227.413	292
3	2392	34262.971	289
3	2409	34716.245	295
3	2419	35126.548	294
3	2427	35232.053	296
3	2438	35467.596	297
3	2452	35750.003	299
3	2462	35872.03	298
3	2467	35915.3	301
3	2480	36005.488	302
3	2489	36097.19	303
3	2497	36197.721	300
3	2502	36241.644	305
3	2509	36336.926	306
3	2523	36584.713	304
3	2526	36594.71	307
3	2532	36621.911	308
3	2536	36710.024	310
3	2540	36820.467	309
3	2549	36992.927	311
3	2559	37074.193	312
3	2568	37170.849	314
3	2579	37397.126	315
3	2587	37558.255	316
3	2593	37633.647	313
3	2614	38121.168	318
3	2622	38192.302	317
3	2632	38359.769	320
3	2634	38360.256	319
3	2650	38529.64	323
3	2658	38690.965	324
3	2662	38707.407	322
3	2669	38838.768	325
3	2671	38853.954	321
3	2677	38928.055	326
3	2694	39203.611	329
3	2706	39443.118	330
3	2716	39656.193	331
3	2725	39795.399	328
3	2730	39845.71	327
3	2733	39900.106	332
3	2748	40101.195	334
3	2762	40265.13	333
3	2774	40422.636	337
3	2779	40470.556	336
3	2785	40607.17	338
3	2789	40632.219	335
3	2800	40771.163	341
3	2811	40891.808	340
3	2819	40981.204	343
3	2828	41075.217	339
3	2835	41145.335	344
3	2847	41342.068	342
3	2860	41593.978	346
3	2863	41620.676	345
3	2869	41674.846	347
3	2875	41784.465	349
3	2878	41795.246	348
3	2885	41883.925	351
3	2890	41945.897	353
3	2901	42063.86	354
3	2906	42133.531	355
3	2908	42134.654	352
3	2911	42144.25	350
3	2924	42263.195	356
3	2932	42365.616	359
3	2939	42465.945	357
3	2941	42466.105	358
3	2958	42674.957	360
3	2965	42724.139	362
3	2971	42774.841	361
3	2975	42780.861	364
3	2977	42785.14	363
3	2987	43017.388	365
3	3002	43193.974	366
4	21	311.339	164.266
4	24	331.548	329.548
4	32	411.865	222.344
4	41	549.41	192.13
4	49	650.124	334.785
4	53	732.829	157.008
4	58	907.23	393.421
4	74	1256.68	66.184
4	80	1287.965	238.026
4	93	1422.188	153.006
4	97	1505.385	124.029
4	104	1593.802	266.887
4	114	1633.426	97.372
4	122	1755.144	151.817
4	128	1860.99	246.279
4	140	1990.136	76.301
4	142	1993	50.986
4	147	2024.894	269.786
4	162	2264.657	164.011
4	167	2308.558	114.842
4	170	2336.673	329.026
4	177	2505.048	192.586
4	196	2830.603	136.259
4	200	2891.234	353.571
4	206	2969.235	159.583
4	225	3150.604	142.341
4	228	3177.609	113.456
4	235	3244.677	285.217
4	240	3423.859	269.255
4	244	3562.189	378.58
4	257	3704.416	36.811
4	261	3820.482	166.472
4	272	3921.528	75.851
4	276	3985.473	70.16
4	283	4044.238	49.253
4	307	4471.561	363.074
4	310	4490.909	313.733
4	316	4621.018	559.453
4	318	4677.63	202.069
4	334	4967.825	179.789
4	349	5105.334	231.679
4	354	5110.623	121.603
4	360	5202.831	195.067
4	377	5441.614	188.347
4	383	5541.227	93.613
4	388	5622.268	512.934
4	394	5739.093	626.47
4	396	5753.122	205.895
4	399	5794.083	167.815
4	428	6252.529	364.197
4	441	6420.881	166.352
4	446	6435.2	413.555
4	450	6454.378	450.159
4	459	6582.386	159.505
4	473	6751.721	310.521
4	487	6976.869	518.491
4	492	7053.301	295.58
4	497	7114.331	529.945
4	502	7165.001	105.7
4	510	7246.206	265.337
4	519	7301.053	50.847
4	527	7415.845	299.514
4	533	7514.87	97.025
4	538	7594.597	77.727
4	547	7644.36	473.359
4	552	7681.272	376.219
4	558	7737.633	87.273
4	560	7739.418	54.146
4	567	7790.239	193.642
4	572	7815.506	71.873
4	586	8159.964	338.458
4	591	8199.867	33.903
4	597	8293.179	549.761
4	600	8391.451	185.584
4	604	8425.601	633.362
4	617	8679.919	119.015
4	633	8836.717	69.873
4	637	8871.039	199.839
4	640	8896.292	57.575
4	657	9167.994	376.376
4	659	9171.889	202.016
4	668	9263.126	89.132
4	677	9392.514	138.276
4	687	9625.228	607.293
4	693	9810.747	493.4
4	709	9952.635	328.244
4	716	9997.352	149.792
4	719	10019.869	117.242
4	728	10106.509	151.874
4	732	10139.503	30.994
4	737	10251.121	225.252
4	741	10324.306	322.954
4	760	10832.305	44.25
4	769	11001.145	40.555
4	771	11007.146	273.882
4	797	11361.867	152.149
4	812	11595.679	529.164
4	815	11606.672	375.292
4	823	11654.546	56.867
4	828	11708.615	95.943
4	831	11720.216	63.67
4	840	11837.874	123.259
4	845	11892.074	526.207
4	848	11900.207	177.991
4	852	11977.588	81.514
4	861	12098.439	113.449
4	864	12133.895	290.021
4	880	12535.33	226.756
4	895	12648.685	438.804
4	909	12841.757	301.913
4	913	12890.336	44.579
4	922	13023.577	129.241
4	925	13027.623	427.475
4	934	13167.716	517.031
4	942	13240.356	206.733
4	945	13250.486	222.909
4	956	13365.133	118.777
4	959	13376.636	206.92
4	971	13656.785	285.652
4	974	13716.251	133.108
4	989	13979.082	113.041
4	997	14071.037	173.068
4	1002	14097.054	109.616
4	1007	14193.709	114.192
4	1015	14380.402	1098.493
4	1023	14583.085	228.942
4	1046	15090.326	204.965
4	1049	15121.216	134.143
4	1053	15179.051	331.425
4	1074	15452.891	270.43
4	1082	15652.566	250.329
4	1088	15766.12	525.481
4	1091	15791.738	133.172
4	1099	15969.028	512.137
4	1110	16416.973	449.971
4	1123	16490.975	31.288
4	1131	16556.531	84.921
4	1141	16702.097	83.377
4	1159	17034.905	553.171
4	1167	17137.348	96.443
4	1170	17151.97	438.024
4	1173	17156.289	611.448
4	1181	17187.2	43.852
4	1185	17202.758	46.788
4	1195	17377.331	184.131
4	1206	17461.653	200.925
4	1213	17524.409	366.12
4	1222	17599.956	73.547
4	1228	17751.253	326.014
4	1236	17868.283	111.03
4	1241	17934.34	468.687
4	1247	17996.438	394.482
4	1263	18181.227	154.681
4	1265	18182.433	308.15
4	1278	18373.972	190.745
4	1300	18691.992	316.02
4	1305	18743.548	555.115
4	1318	18946.733	252.741
4	1323	18979.681	230.133
4	1332	19188.464	239.731
4	1335	19192.579	1207.948
4	1341	19226.204	240.523
4	1347	19307.362	75.158
4	1353	19325.238	128.659
4	1357	19357.351	43.989
4	1361	19376.237	185.773
4	1367	19434.35	70.999
4	1374	19569.572	129.222
4	1376	19613.069	234.832
4	1384	19692.638	363.4
4	1392	19807.197	169.432
4	1400	19900.129	85.322
4	1415	20212.967	259.978
4	1419	20307.734	500.822
4	1445	20638	189.446
4	1454	20784.884	317.807
4	1457	20813.751	649.979
4	1463	20868.248	228.248
4	1467	20881.044	61.293
4	1475	20954.223	83.975
4	1477	20955.104	166.22
4	1488	21081.363	194.319
4	1491	21097.387	141.164
4	1495	21140.565	181.461
4	1518	21589.441	222.493
4	1524	21638.7	471.745
4	1530	21730.01	642.647
4	1535	21823.225	229.784
4	1538	21880.146	239.446
4	1543	21898.37	162.36
4	1559	22023.996	103.56
4	1571	22224.338	333.597
4	1578	22274.889	311.656
4	1582	22318.744	37.855
4	1593	22487.304	459.308
4	1596	22498.817	272.479
4	1605	22561.976	61.159
4	1612	22674.998	183.694
4	1616	22682.496	357.752
4	1619	22731.767	52.769
4	1639	23013.525	242.826
4	1655	23399.619	382.094
4	1659	23403.386	839.41
4	1665	23459.609	55.99
4	1671	23522.351	116.965
4	1682	23717.371	193.02
4	1687	23761.453	42.082
4	1690	23782.43	318.821
4	1695	23887.253	123.8
4	1702	24141.379	1360.387
4	1710	24246.317	80.445
4	1722	24471.873	117.402
4	1731	24575.451	131.224
4	1741	24740.336	43.276
4	1748	24811.926	303.112
4	1761	24960.429	123.025
4	1770	25151.016	285.559
4	1772	25185.019	424.323
4	1785	25283.003	57.741
4	1791	25332.774	360.474
4	1794	25358.049	159.616
4	1799	25511.846	194.536
4	1817	25930.267	75.397
4	1826	26195.742	306.475
4	1832	26396.811	211.116
4	1850	26620.741	120.851
4	1854	26665.916	179.514
4	1872	26807.576	61.037
4	1877	26811.976	192.315
4	1883	26858.007	40.031
4	1890	26906.889	95.313
4	1895	26979.786	115.779
4	1909	27141.113	441.741
4	1911	27142.17	156.384
4	1921	27272.826	129.713
4	1933	27481.75	570.861
4	1936	27490.935	216.109
4	1941	27524.27	31.335
4	1946	27586.189	59.919
4	1957	27709.442	223.692
4	1964	27880.289	166.847
4	1968	27993.513	398.467
4	1972	28124.146	975.976
4	1981	28258.017	49.288
4	2003	28443.9	178.735
4	2009	28492.129	186.635
4	2024	28745.979	247.85
4	2035	28860.876	414.976
4	2043	28980.238	117.362
4	2046	29004.507	252.528
4	2057	29100.684	821.27
4	2063	29249.862	239.355
4	2071	29433.845	329.161
4	2079	29538.334	282.472
4	2082	29558.476	576.238
4	2088	29596.612	36.136
4	2096	29744.036	306.191
4	2111	29892.887	144.851
4	2133	30215.294	616.682
4	2140	30274.037	56.743
4	2143	30277.615	733.281
4	2150	30377.117	93.502
4	2156	30511.773	235.736
4	2163	30629.584	115.811
4	2166	30651.561	268.444
4	2176	30784.587	153.003
4	2183	30895.84	109.253
4	2188	30929.08	271.519
4	2195	30966.511	31.431
4	2200	31035.804	137.964
4	2205	31118.873	1221.986
4	2214	31177.067	139.263
4	2222	31251.488	72.421
4	2227	31307.333	184.46
4	2237	31424.599	113.266
4	2245	31501.863	248.375
4	2249	31540.234	36.371
4	2256	31578.636	150.037
4	2270	31865.722	283.086
4	2275	31932.307	62.585
4	2279	31972.503	999.992
4	2283	32096.786	554.552
4	2286	32121.869	185.562
4	2306	32452.317	104.009
4	2316	32668.588	327.918
4	2318	32695.173	536.66
4	2324	32911.813	374.959
4	2342	33340.785	134.495
4	2349	33403.128	445.228
4	2371	34034.694	299.916
4	2380	34124.651	318.458
4	2385	34178	47.349
4	2389	34227.413	177.706
4	2392	34262.971	908.069
4	2409	34716.245	273.702
4	2419	35126.548	705.335
4	2427	35232.053	46.941
4	2438	35467.596	67.916
4	2452	35750.003	107.908
4	2462	35872.03	247.811
4	2467	35915.3	50.125
4	2480	36005.488	51.273
4	2489	36097.19	138.043
4	2497	36197.721	336.529
4	2502	36241.644	138.454
4	2509	36336.926	135.205
4	2523	36584.713	529.305
4	2526	36594.71	331.48
4	2532	36621.911	267.508
4	2536	36710.024	109.314
4	2540	36820.467	233.754
4	2549	36992.927	97.893
4	2559	37074.193	49.365
4	2568	37170.849	38.437
4	2579	37397.126	192.298
4	2587	37558.255	30.217
4	2593	37633.647	564.318
4	2614	38121.168	129.505
4	2622	38192.302	558.004
4	2632	38359.769	187.353
4	2634	38360.256	269.152
4	2650	38529.64	42.839
4	2658	38690.965	155.325
4	2662	38707.407	343.638
4	2669	38838.768	141.803
4	2671	38853.954	659.652
4	2677	38928.055	216.648
4	2694	39203.611	39.598
4	2706	39443.118	202.919
4	2716	39656.193	207.075
4	2725	39795.399	636.623
4	2730	39845.71	922.452
4	2733	39900.106	237.913
4	2748	40101.195	133.67
4	2762	40265.13	465.731
4	2774	40422.636	153.506
4	2779	40470.556	367.361
4	2785	40607.17	180.534
4	2789	40632.219	611.64
4	2800	40771.163	132.944
4	2811	40891.808	280.638
4	2819	40981.204	85.396
4	2828	41075.217	602.661
4	2835	41145.335	160.131
4	2847	41342.068	564.905
4	2860	41593.978	444.643
4	2863	41620.676	543.459
4	2869	41674.846	326.778
4	2875	41784.465	161.789
4	2878	41795.246	197.268
4	2885	41883.925	97.46
4	2890	41945.897	59.972
4	2901	42063.86	115.963
4	2906	42133.531	67.671
4	2908	42134.654	335.408
4	2911	42144.25	463.404
4	2924	42263.195	127.664
4	2932	42365.616	48.043
4	2939	42465.945	251.676
4	2941	42466.105	238.23
4	2958	42674.957	303.042
4	2965	42724.139	222.968
4	2971	42774.841	301.155
4	2975	42780.861	50.722
4	2977	42785.14	108.183
4	2987	43017.388	238.547
4	3002	43193.974	267.93
5	21	311.339	1
5	24	331.548	0
5	32	411.865	2
5	41	549.41	0
5	49	650.124	1
5	53	732.829	0
5	58	907.23	2
5	74	1256.68	1
5	80	1287.965	0
5	93	1422.188	1
5	97	1505.385	2
5	104	1593.802	0
5	114	1633.426	1
5	122	1755.144	0
5	128	1860.99	2
5	140	1990.136	0
5	142	1993	2
5	147	2024.894	1
5	162	2264.657	1
5	167	2308.558	2
5	170	2336.673	0
5	177	2505.048	1
5	196	2830.603	1
5	200	2891.234	0
5	206	2969.235	2
5	225	3150.604	1
5	228	3177.609	2
5	235	3244.677	0
5	240	3423.859	1
5	244	3562.189	2
5	257	3704.416	1
5	261	3820.482	0
5	272	3921.528	0
5	276	3985.473	1
5	283	4044.238	0
5	307	4471.561	1
5	310	4490.909	2
5	316	4621.018	0
5	318	4677.63	1
5	334	4967.825	0
5	349	5105.334	1
5	354	5110.623	0
5	360	5202.831	2
5	377	5441.614	2
5	383	5541.227	2
5	388	5622.268	1
5	394	5739.093	0
5	396	5753.122	2
5	399	5794.083	1
5	428	6252.529	0
5	441	6420.881	0
5	446	6435.2	2
5	450	6454.378	1
5	459	6582.386	0
5	473	6751.721	2
5	487	6976.869	1
5	492	7053.301	2
5	497	7114.331	0
5	502	7165.001	2
5	510	7246.206	1
5	519	7301.053	1
5	527	7415.845	0
5	533	7514.87	0
5	538	7594.597	0
5	547	7644.36	2
5	552	7681.272	1
5	558	7737.633	2
5	560	7739.418	1
5	567	7790.239	0
5	572	7815.506	2
5	586	8159.964	2
5	591	8199.867	2
5	597	8293.179	1
5	600	8391.451	2
5	604	8425.601	0
5	617	8679.919	0
5	633	8836.717	0
5	637	8871.039	1
5	640	8896.292	0
5	657	9167.994	2
5	659	9171.889	0
5	668	9263.126	2
5	677	9392.514	0
5	687	9625.228	1
5	693	9810.747	2
5	709	9952.635	0
5	716	9997.352	1
5	719	10019.869	2
5	728	10106.509	0
5	732	10139.503	0
5	737	10251.121	2
5	741	10324.306	1
5	760	10832.305	1
5	769	11001.145	1
5	771	11007.146	0
5	797	11361.867	1
5	812	11595.679	0
5	815	11606.672	2
5	823	11654.546	0
5	828	11708.615	2
5	831	11720.216	0
5	840	11837.874	2
5	845	11892.074	1
5	848	11900.207	0
5	852	11977.588	1
5	861	12098.439	0
5	864	12133.895	2
5	880	12535.33	1
5	895	12648.685	0
5	909	12841.757	1
5	913	12890.336	1
5	922	13023.577	1
5	925	13027.623	2
5	934	13167.716	0
5	942	13240.356	2
5	945	13250.486	1
5	956	13365.133	2
5	959	13376.636	0
5	971	13656.785	2
5	974	13716.251	0
5	989	13979.082	0
5	997	14071.037	2
5	1002	14097.054	0
5	1007	14193.709	2
5	1015	14380.402	1
5	1023	14583.085	0
5	1046	15090.326	1
5	1049	15121.216	2
5	1053	15179.051	0
5	1074	15452.891	1
5	1082	15652.566	2
5	1088	15766.12	0
5	1091	15791.738	2
5	1099	15969.028	1
5	1110	16416.973	0
5	1123	16490.975	0
5	1131	16556.531	1
5	1141	16702.097	1
5	1159	17034.905	2
5	1167	17137.348	2
5	1170	17151.97	1
5	1173	17156.289	0
5	1181	17187.2	2
5	1185	17202.758	1
5	1195	17377.331	2
5	1206	17461.653	1
5	1213	17524.409	0
5	1222	17599.956	0
5	1228	17751.253	2
5	1236	17868.283	2
5	1241	17934.34	1
5	1247	17996.438	0
5	1263	18181.227	0
5	1265	18182.433	2
5	1278	18373.972	0
5	1300	18691.992	0
5	1305	18743.548	2
5	1318	18946.733	0
5	1323	18979.681	2
5	1332	19188.464	0
5	1335	19192.579	1
5	1341	19226.204	2
5	1347	19307.362	2
5	1353	19325.238	1
5	1357	19357.351	2
5	1361	19376.237	0
5	1367	19434.35	2
5	1374	19569.572	2
5	1376	19613.069	0
5	1384	19692.638	1
5	1392	19807.197	0
5	1400	19900.129	0
5	1415	20212.967	0
5	1419	20307.734	1
5	1445	20638	0
5	1454	20784.884	1
5	1457	20813.751	2
5	1463	20868.248	0
5	1467	20881.044	2
5	1475	20954.223	0
5	1477	20955.104	1
5	1488	21081.363	2
5	1491	21097.387	0
5	1495	21140.565	1
5	1518	21589.441	1
5	1524	21638.7	0
5	1530	21730.01	2
5	1535	21823.225	1
5	1538	21880.146	0
5	1543	21898.37	2
5	1559	22023.996	1
5	1571	22224.338	0
5	1578	22274.889	2
5	1582	22318.744	2
5	1593	22487.304	1
5	1596	22498.817	0
5	1605	22561.976	0
5	1612	22674.998	1
5	1616	22682.496	2
5	1619	22731.767	1
5	1639	23013.525	1
5	1655	23399.619	1
5	1659	23403.386	0
5	1665	23459.609	1
5	1671	23522.351	0
5	1682	23717.371	0
5	1687	23761.453	0
5	1690	23782.43	1
5	1695	23887.253	0
5	1702	24141.379	2
5	1710	24246.317	0
5	1722	24471.873	0
5	1731	24575.451	1
5	1741	24740.336	1
5	1748	24811.926	0
5	1761	24960.429	0
5	1770	25151.016	2
5	1772	25185.019	1
5	1785	25283.003	2
5	1791	25332.774	0
5	1794	25358.049	1
5	1799	25511.846	2
5	1817	25930.267	0
5	1826	26195.742	1
5	1832	26396.811	0
5	1850	26620.741	1
5	1854	26665.916	0
5	1872	26807.576	1
5	1877	26811.976	2
5	1883	26858.007	2
5	1890	26906.889	1
5	1895	26979.786	2
5	1909	27141.113	0
5	1911	27142.17	2
5	1921	27272.826	0
5	1933	27481.75	1
5	1936	27490.935	0
5	1941	27524.27	0
5	1946	27586.189	0
5	1957	27709.442	1
5	1964	27880.289	1
5	1968	27993.513	0
5	1972	28124.146	2
5	1981	28258.017	0
5	2003	28443.9	0
5	2009	28492.129	2
5	2024	28745.979	2
5	2035	28860.876	0
5	2043	28980.238	0
5	2046	29004.507	2
5	2057	29100.684	1
5	2063	29249.862	2
5	2071	29433.845	1
5	2079	29538.334	2
5	2082	29558.476	0
5	2088	29596.612	0
5	2096	29744.036	1
5	2111	29892.887	1
5	2133	30215.294	0
5	2140	30274.037	0
5	2143	30277.615	2
5	2150	30377.117	2
5	2156	30511.773	0
5	2163	30629.584	0
5	2166	30651.561	2
5	2176	30784.587	0
5	2183	30895.84	0
5	2188	30929.08	2
5	2195	30966.511	2
5	2200	31035.804	0
5	2205	31118.873	1
5	2214	31177.067	0
5	2222	31251.488	0
5	2227	31307.333	1
5	2237	31424.599	1
5	2245	31501.863	0
5	2249	31540.234	0
5	2256	31578.636	1
5	2270	31865.722	1
5	2275	31932.307	1
5	2279	31972.503	2
5	2283	32096.786	0
5	2286	32121.869	1
5	2306	32452.317	2
5	2316	32668.588	1
5	2318	32695.173	0
5	2324	32911.813	2
5	2342	33340.785	1
5	2349	33403.128	0
5	2371	34034.694	0
5	2380	34124.651	2
5	2385	34178	2
5	2389	34227.413	0
5	2392	34262.971	1
5	2409	34716.245	1
5	2419	35126.548	0
5	2427	35232.053	0
5	2438	35467.596	0
5	2452	35750.003	1
5	2462	35872.03	0
5	2467	35915.3	2
5	2480	36005.488	0
5	2489	36097.19	2
5	2497	36197.721	1
5	2502	36241.644	2
5	2509	36336.926	1
5	2523	36584.713	0
5	2526	36594.71	2
5	2532	36621.911	1
5	2536	36710.024	2
5	2540	36820.467	0
5	2549	36992.927	0
5	2559	37074.193	0
5	2568	37170.849	0
5	2579	37397.126	0
5	2587	37558.255	0
5	2593	37633.647	1
5	2614	38121.168	1
5	2622	38192.302	0
5	2632	38359.769	1
5	2634	38360.256	2
5	2650	38529.64	2
5	2658	38690.965	2
5	2662	38707.407	1
5	2669	38838.768	2
5	2671	38853.954	0
5	2677	38928.055	1
5	2694	39203.611	2
5	2706	39443.118	2
5	2716	39656.193	2
5	2725	39795.399	1
5	2730	39845.71	0
5	2733	39900.106	2
5	2748	40101.195	0
5	2762	40265.13	1
5	2774	40422.636	1
5	2779	40470.556	0
5	2785	40607.17	1
5	2789	40632.219	2
5	2800	40771.163	2
5	2811	40891.808	1
5	2819	40981.204	1
5	2828	41075.217	0
5	2835	41145.335	1
5	2847	41342.068	2
5	2860	41593.978	1
5	2863	41620.676	0
5	2869	41674.846	2
5	2875	41784.465	0
5	2878	41795.246	1
5	2885	41883.925	0
5	2890	41945.897	0
5	2901	42063.86	0
5	2906	42133.531	0
5	2908	42134.654	1
5	2911	42144.25	2
5	2924	42263.195	0
5	2932	42365.616	0
5	2939	42465.945	1
5	2941	42466.105	2
5	2958	42674.957	0
5	2965	42724.139	2
5	2971	42774.841	1
5	2975	42780.861	2
5	2977	42785.14	0
5	2987	43017.388	1
5	3002	43193.974	0
6	21	311.339	168.266
6	24	331.548	331.548
6	32	411.865	228.344
6	41	549.41	194.13
6	49	650.124	338.785
6	53	732.829	159.008
6	58	907.23	399.421
6	74	1256.68	70.184
6	80	1287.965	240.026
6	93	1422.188	157.006
6	97	1505.385	130.029
6	104	1593.802	268.887
6	114	1633.426	101.372
6	122	1755.144	153.817
6	128	1860.99	252.279
6	140	1990.136	78.301
6	142	1993	56.986
6	147	2024.894	273.786
6	162	2264.657	168.011
6	167	2308.558	120.842
6	170	2336.673	331.026
6	177	2505.048	196.586
6	196	2830.603	140.259
6	200	2891.234	355.571
6	206	2969.235	165.583
6	225	3150.604	146.341
6	228	3177.609	119.456
6	235	3244.677	287.217
6	240	3423.859	273.255
6	244	3562.189	384.58
6	257	3704.416	40.811
6	261	3820.482	168.472
6	272	3921.528	77.851
6	276	3985.473	74.16
6	283	4044.238	51.253
6	307	4471.561	367.074
6	310	4490.909	319.733
6	316	4621.018	561.453
6	318	4677.63	206.069
6	334	4967.825	181.789
6	349	5105.334	235.679
6	354	5110.623	123.603
6	360	5202.831	201.067
6	377	5441.614	194.347
6	383	5541.227	99.613
6	388	5622.268	516.934
6	394	5739.093	628.47
6	396	5753.122	211.895
6	399	5794.083	171.815
6	428	6252.529	366.197
6	441	6420.881	168.352
6	446	6435.2	419.555
6	450	6454.378	454.159
6	459	6582.386	161.505
6	473	6751.721	316.521
6	487	6976.869	522.491
6	492	7053.301	301.58
6	497	7114.331	531.945
6	502	7165.001	111.7
6	510	7246.206	269.337
6	519	7301.053	54.847
6	527	7415.845	301.514
6	533	7514.87	99.025
6	538	7594.597	79.727
6	547	7644.36	479.359
6	552	7681.272	380.219
6	558	7737.633	93.273
6	560	7739.418	58.146
6	567	7790.239	195.642
6	572	7815.506	77.873
6	586	8159.964	344.458
6	591	8199.867	39.903
6	597	8293.179	553.761
6	600	8391.451	191.584
6	604	8425.601	635.362
6	617	8679.919	121.015
6	633	8836.717	71.873
6	637	8871.039	203.839
6	640	8896.292	59.575
6	657	9167.994	382.376
6	659	9171.889	204.016
6	668	9263.126	95.132
6	677	9392.514	140.276
6	687	9625.228	611.293
6	693	9810.747	499.4
6	709	9952.635	330.244
6	716	9997.352	153.792
6	719	10019.869	123.242
6	728	10106.509	153.874
6	732	10139.503	32.994
6	737	10251.121	231.252
6	741	10324.306	326.954
6	760	10832.305	48.25
6	769	11001.145	44.555
6	771	11007.146	275.882
6	797	11361.867	156.149
6	812	11595.679	531.164
6	815	11606.672	381.292
6	823	11654.546	58.867
6	828	11708.615	101.943
6	831	11720.216	65.67
6	840	11837.874	129.259
6	845	11892.074	530.207
6	848	11900.207	179.991
6	852	11977.588	85.514
6	861	12098.439	115.449
6	864	12133.895	296.021
6	880	12535.33	230.756
6	895	12648.685	440.804
6	909	12841.757	305.913
6	913	12890.336	48.579
6	922	13023.577	133.241
6	925	13027.623	433.475
6	934	13167.716	519.031
6	942	13240.356	212.733
6	945	13250.486	226.909
6	956	13365.133	124.777
6	959	13376.636	208.92
6	971	13656.785	291.652
6	974	13716.251	135.108
6	989	13979.082	115.041
6	997	14071.037	179.068
6	1002	14097.054	111.616
6	1007	14193.709	120.192
6	1015	14380.402	1102.493
6	1023	14583.085	230.942
6	1046	15090.326	208.965
6	1049	15121.216	140.143
6	1053	15179.051	333.425
6	1074	15452.891	274.43
6	1082	15652.566	256.329
6	1088	15766.12	527.481
6	1091	15791.738	139.172
6	1099	15969.028	516.137
6	1110	16416.973	451.971
6	1123	16490.975	33.288
6	1131	16556.531	88.921
6	1141	16702.097	87.377
6	1159	17034.905	559.171
6	1167	17137.348	102.443
6	1170	17151.97	442.024
6	1173	17156.289	613.448
6	1181	17187.2	49.852
6	1185	17202.758	50.788
6	1195	17377.331	190.131
6	1206	17461.653	204.925
6	1213	17524.409	368.12
6	1222	17599.956	75.547
6	1228	17751.253	332.014
6	1236	17868.283	117.03
6	1241	17934.34	472.687
6	1247	17996.438	396.482
6	1263	18181.227	156.681
6	1265	18182.433	314.15
6	1278	18373.972	192.745
6	1300	18691.992	318.02
6	1305	18743.548	561.115
6	1318	18946.733	254.741
6	1323	18979.681	236.133
6	1332	19188.464	241.731
6	1335	19192.579	1211.948
6	1341	19226.204	246.523
6	1347	19307.362	81.158
6	1353	19325.238	132.659
6	1357	19357.351	49.989
6	1361	19376.237	187.773
6	1367	19434.35	76.999
6	1374	19569.572	135.222
6	1376	19613.069	236.832
6	1384	19692.638	367.4
6	1392	19807.197	171.432
6	1400	19900.129	87.322
6	1415	20212.967	261.978
6	1419	20307.734	504.822
6	1445	20638	191.446
6	1454	20784.884	321.807
6	1457	20813.751	655.979
6	1463	20868.248	230.248
6	1467	20881.044	67.293
6	1475	20954.223	85.975
6	1477	20955.104	170.22
6	1488	21081.363	200.319
6	1491	21097.387	143.164
6	1495	21140.565	185.461
6	1518	21589.441	226.493
6	1524	21638.7	473.745
6	1530	21730.01	648.647
6	1535	21823.225	233.784
6	1538	21880.146	241.446
6	1543	21898.37	168.36
6	1559	22023.996	107.56
6	1571	22224.338	335.597
6	1578	22274.889	317.656
6	1582	22318.744	43.855
6	1593	22487.304	463.308
6	1596	22498.817	274.479
6	1605	22561.976	63.159
6	1612	22674.998	187.694
6	1616	22682.496	363.752
6	1619	22731.767	56.769
6	1639	23013.525	246.826
6	1655	23399.619	386.094
6	1659	23403.386	841.41
6	1665	23459.609	59.99
6	1671	23522.351	118.965
6	1682	23717.371	195.02
6	1687	23761.453	44.082
6	1690	23782.43	322.821
6	1695	23887.253	125.8
6	1702	24141.379	1366.387
6	1710	24246.317	82.445
6	1722	24471.873	119.402
6	1731	24575.451	135.224
6	1741	24740.336	47.276
6	1748	24811.926	305.112
6	1761	24960.429	125.025
6	1770	25151.016	291.559
6	1772	25185.019	428.323
6	1785	25283.003	63.741
6	1791	25332.774	362.474
6	1794	25358.049	163.616
6	1799	25511.846	200.536
6	1817	25930.267	77.397
6	1826	26195.742	310.475
6	1832	26396.811	213.116
6	1850	26620.741	124.851
6	1854	26665.916	181.514
6	1872	26807.576	65.037
6	1877	26811.976	198.315
6	1883	26858.007	46.031
6	1890	26906.889	99.313
6	1895	26979.786	121.779
6	1909	27141.113	443.741
6	1911	27142.17	162.384
6	1921	27272.826	131.713
6	1933	27481.75	574.861
6	1936	27490.935	218.109
6	1941	27524.27	33.335
6	1946	27586.189	61.919
6	1957	27709.442	227.692
6	1964	27880.289	170.847
6	1968	27993.513	400.467
6	1972	28124.146	981.976
6	1981	28258.017	51.288
6	2003	28443.9	180.735
6	2009	28492.129	192.635
6	2024	28745.979	253.85
6	2035	28860.876	416.976
6	2043	28980.238	119.362
6	2046	29004.507	258.528
6	2057	29100.684	825.27
6	2063	29249.862	245.355
6	2071	29433.845	333.161
6	2079	29538.334	288.472
6	2082	29558.476	578.238
6	2088	29596.612	38.136
6	2096	29744.036	310.191
6	2111	29892.887	148.851
6	2133	30215.294	618.682
6	2140	30274.037	58.743
6	2143	30277.615	739.281
6	2150	30377.117	99.502
6	2156	30511.773	237.736
6	2163	30629.584	117.811
6	2166	30651.561	274.444
6	2176	30784.587	155.003
6	2183	30895.84	111.253
6	2188	30929.08	277.519
6	2195	30966.511	37.431
6	2200	31035.804	139.964
6	2205	31118.873	1225.986
6	2214	31177.067	141.263
6	2222	31251.488	74.421
6	2227	31307.333	188.46
6	2237	31424.599	117.266
6	2245	31501.863	250.375
6	2249	31540.234	38.371
6	2256	31578.636	154.037
6	2270	31865.722	287.086
6	2275	31932.307	66.585
6	2279	31972.503	1005.992
6	2283	32096.786	556.552
6	2286	32121.869	189.562
6	2306	32452.317	110.009
6	2316	32668.588	331.918
6	2318	32695.173	538.66
6	2324	32911.813	380.959
6	2342	33340.785	138.495
6	2349	33403.128	447.228
6	2371	34034.694	301.916
6	2380	34124.651	324.458
6	2385	34178	53.349
6	2389	34227.413	179.706
6	2392	34262.971	912.069
6	2409	34716.245	277.702
6	2419	35126.548	707.335
6	2427	35232.053	48.941
6	2438	35467.596	69.916
6	2452	35750.003	111.908
6	2462	35872.03	249.811
6	2467	35915.3	56.125
6	2480	36005.488	53.273
6	2489	36097.19	144.043
6	2497	36197.721	340.529
6	2502	36241.644	144.454
6	2509	36336.926	139.205
6	2523	36584.713	531.305
6	2526	36594.71	337.48
6	2532	36621.911	271.508
6	2536	36710.024	115.314
6	2540	36820.467	235.754
6	2549	36992.927	99.893
6	2559	37074.193	51.365
6	2568	37170.849	40.437
6	2579	37397.126	194.298
6	2587	37558.255	32.217
6	2593	37633.647	568.318
6	2614	38121.168	133.505
6	2622	38192.302	560.004
6	2632	38359.769	191.353
6	2634	38360.256	275.152
6	2650	38529.64	48.839
6	2658	38690.965	161.325
6	2662	38707.407	347.638
6	2669	38838.768	147.803
6	2671	38853.954	661.652
6	2677	38928.055	220.648
6	2694	39203.611	45.598
6	2706	39443.118	208.919
6	2716	39656.193	213.075
6	2725	39795.399	640.623
6	2730	39845.71	924.452
6	2733	39900.106	243.913
6	2748	40101.195	135.67
6	2762	40265.13	469.731
6	2774	40422.636	157.506
6	2779	40470.556	369.361
6	2785	40607.17	184.534
6	2789	40632.219	617.64
6	2800	40771.163	138.944
6	2811	40891.808	284.638
6	2819	40981.204	89.396
6	2828	41075.217	604.661
6	2835	41145.335	164.131
6	2847	41342.068	570.905
6	2860	41593.978	448.643
6	2863	41620.676	545.459
6	2869	41674.846	332.778
6	2875	41784.465	163.789
6	2878	41795.246	201.268
6	2885	41883.925	99.46
6	2890	41945.897	61.972
6	2901	42063.86	117.963
6	2906	42133.531	69.671
6	2908	42134.654	339.408
6	2911	42144.25	469.404
6	2924	42263.195	129.664
6	2932	42365.616	50.043
6	2939	42465.945	255.676
6	2941	42466.105	244.23
6	2958	42674.957	305.042
6	2965	42724.139	228.968
6	2971	42774.841	305.155
6	2975	42780.861	56.722
6	2977	42785.14	110.183
6	2987	43017.388	242.547
6	3002	43193.974	269.93
7	45	600	7
7	70	1200	2
7	124	1800	7
7	173	2400	6
7	208	3000	4
7	245	3600	4
7	297	4200	8
7	324	4800	2
7	374	5400	9
7	407	6000	1
7	461	6600	10
7	506	7200	7
7	569	7800	6
7	601	8400	2
7	646	9000	6
7	681	9600	4
7	734	10200	7
7	756	10800	2
7	800	11400	7
7	856	12000	6
7	888	12600	4
7	939	13200	7
7	976	13800	3
7	1017	14400	5
7	1041	15000	3
7	1079	15600	5
7	1104	16200	1
7	1153	16800	9
7	1196	17400	3
7	1248	18000	7
7	1292	18600	9
7	1337	19200	6
7	1386	19800	2
7	1421	20400	4
7	1484	21000	10
7	1520	21600	5
7	1568	22200	6
7	1629	22800	8
7	1656	23400	4
7	1697	24000	2
7	1732	24600	4
7	1776	25200	6
7	1804	25800	2
7	1833	26400	3
7	1897	27000	10
7	1950	27600	7
7	1974	28200	1
7	2029	28800	11
7	2068	29400	4
7	2121	30000	9
7	2160	30600	4
7	2216	31200	5
7	2266	31800	7
7	2303	32400	3
7	2330	33000	2
7	2353	33600	2
7	2386	34200	4
7	2411	34800	2
7	2433	35400	2
7	2477	36000	6
7	2527	36600	7
7	2569	37200	4
7	2598	37800	3
7	2637	38400	5
7	2680	39000	5
7	2711	39600	4
7	2756	40200	7
7	2802	40800	6
7	2850	41400	8
7	2895	42000	3
7	2952	42600	7
7	3004	43200	7

