version 2
run General-0-20220123-01:16:32-20028
attr configname General
attr datetime 20220123-01:16:32
attr experiment General
attr inifile omnetpp.ini
attr iterationvars ""
attr iterationvarsf ""
attr measurement ""
attr network PolicyB
attr processid 20028
attr repetition 0
attr replication #0
attr resultdir results
attr runnumber 0
attr seedset 0

vector 0 PolicyB.queue4 "time spent on the queue" ETV
attr interpolationmode none
vector 1 PolicyB.queue4 "queue size after modification" ETV
attr interpolationmode none
vector 2 PolicyB.queue1 "time spent on the queue" ETV
attr interpolationmode none
vector 3 PolicyB.queue1 "queue size after modification" ETV
attr interpolationmode none
vector 4 PolicyB.queue2 "time spent on the queue" ETV
attr interpolationmode none
vector 5 PolicyB.queue2 "queue size after modification" ETV
attr interpolationmode none
vector 6 PolicyB.queue3 "time spent on the queue" ETV
attr interpolationmode none
vector 7 PolicyB.queue3 "queue size after modification" ETV
attr interpolationmode none
vector 8 PolicyB.queue0 "time spent on the queue" ETV
attr interpolationmode none
vector 9 PolicyB.queue0 "queue size after modification" ETV
attr interpolationmode none
vector 10 PolicyB.queue2 "processing time with client order" ETV
attr interpolationmode none
vector 11 PolicyB.queue3 "processing time with client order" ETV
attr interpolationmode none
vector 12 PolicyB.queue0 "processing time with client order" ETV
attr interpolationmode none
vector 13 PolicyB.queue4 "processing time with client order" ETV
attr interpolationmode none
vector 14 PolicyB.queue1 "processing time with client order" ETV
attr interpolationmode none
0	2	0	0
0	71	537.773	36.315
0	187	1349.524	37.49
0	362	2537.451	28.93
0	423	2875.43	93.198
0	540	3917.283	16.73
0	601	4410.921	144.907
0	786	5614.381	64.432
0	912	6527.383	89.099
0	988	6966.354	64.86
0	1018	7081.761	55.177
0	1156	8287.343	56.865
0	1237	8847.319	108.582
0	1388	10098.987	96.966
0	1481	10750.738	92.199
0	1537	11184.366	198.401
0	1578	11410.56	39.934
0	1591	11552.642	95.512
0	1600	11584.349	10.222
0	1636	11861.691	150.924
0	1697	12443.1	103.841
0	1937	14202.849	1.436
0	1991	14534.201	37.629
0	2006	14632.874	49.48
0	2013	14665.001	5.675
0	2037	14803.197	26.286
0	2302	16302.261	101.033
0	2444	17508.974	139.818
0	2581	18454.809	45.83
0	2650	18870.178	134.757
0	2697	19271.814	307.18
0	2757	19722.85	115.42
0	2774	19809.38	42.505
0	2843	20273.425	21.493
0	2959	20914.46	14.01
0	3196	22796.463	39.277
0	3338	23790.799	2.143
0	3394	24258.574	218.291
0	3451	24696.126	0.495
0	3480	24870.095	81.979
0	3509	25197.366	160.482
0	3599	25818.458	156.211
0	3704	26802.621	5.204
0	3766	27212.241	7.27
0	3787	27310.984	19.779
0	3877	28026.844	35.79
0	3967	28622.175	3.438
0	4190	30239.492	44.986
0	4283	31144.107	114.559
0	4328	31385.752	64.612
0	4346	31495.153	85.239
0	4441	32166.911	25.186
0	4780	34766.819	30.403
0	4851	35194.36	38.805
0	4911	35505.765	264.94
0	4920	35569.225	49.433
0	4993	36142.738	5.687
0	5084	36922.022	8.653
0	5143	37285.081	36.768
0	5190	37525.944	80.987
0	5328	38600.848	87.46
0	5355	38721.196	108.169
0	5375	38794.438	4.271
0	5480	39528.56	48.476
0	5594	40178.339	62.633
0	5790	41464.929	108.572
0	5859	41883.658	68.13
0	6063	43844.046	87.226
0	6171	44698.75	34.619
0	6267	45412.57	254.62
0	6321	45899.886	33.431
0	6698	48602.456	4.148
0	6711	48708.162	80.022
0	6726	48754.544	4.567
0	6795	49166.62	74.206
0	6831	49393.229	131.915
0	6922	50032.008	300.15
0	6995	50574.52	35.819
0	7019	50739.18	18.277
0	7050	50904.124	163.212
0	7091	51097.463	36.191
0	7159	51641.471	103.883
0	7319	52728.341	84.526
0	7342	52996.539	33.103
0	7368	53156.27	85.763
0	7408	53412.792	103.037
0	7476	53949.613	77.536
0	7520	54216.17	62.465
0	7541	54387.572	169.595
0	7609	54995.82	151.067
0	7667	55223.745	31.025
0	7724	55621.529	77.284
0	7750	55821.993	63.016
0	7824	56521.661	112.254
1	2	0	0
1	26	193.592	1
1	44	308.568	2
1	65	501.458	3
1	71	537.773	2
1	76	582.87	3
1	82	599.944	4
1	98	760.233	5
1	118	905.817	6
1	128	975.976	7
1	148	1181.788	8
1	182	1312.034	9
1	187	1349.524	8
1	199	1422.058	9
1	207	1453.837	10
1	238	1730.92	11
1	246	1758.293	12
1	263	1840.31	13
1	301	2026.101	14
1	318	2215.663	15
1	341	2431.57	16
1	356	2508.521	17
1	362	2537.451	16
1	370	2546.573	17
1	376	2577.144	18
1	406	2724.499	19
1	417	2782.232	20
1	423	2875.43	19
1	428	2992.978	20
1	447	3106.817	21
1	465	3271.474	22
1	475	3397.252	23
1	491	3465.168	24
1	497	3510.279	25
1	511	3674.992	26
1	521	3741.071	27
1	536	3900.553	28
1	540	3917.283	27
1	550	3963.272	28
1	556	4069.87	29
1	591	4266.014	30
1	601	4410.921	29
1	605	4416.651	30
1	609	4424.81	31
1	623	4488.355	32
1	641	4666.35	33
1	659	4726.345	34
1	679	4830.492	35
1	700	4929.997	36
1	706	4955.782	37
1	723	5091.519	38
1	756	5341.276	39
1	782	5549.949	40
1	786	5614.381	39
1	790	5620.238	40
1	793	5645.383	41
1	805	5785.511	42
1	833	6064.963	43
1	845	6137.344	44
1	853	6204.312	45
1	857	6221.319	46
1	888	6399.069	47
1	893	6438.284	48
1	912	6527.383	47
1	916	6539.42	48
1	921	6557.68	49
1	932	6631.435	50
1	946	6752.468	51
1	952	6779.74	52
1	980	6901.494	53
1	988	6966.354	52
1	992	6969.834	53
1	1001	7008.729	54
1	1009	7026.584	55
1	1018	7081.761	54
1	1025	7140.081	55
1	1040	7208.251	56
1	1059	7400.539	57
1	1065	7487.44	58
1	1087	7611.95	59
1	1103	7855.796	60
1	1111	7929.987	61
1	1117	8000.439	62
1	1139	8185.53	63
1	1148	8230.478	64
1	1156	8287.343	63
1	1173	8365.612	64
1	1181	8442.493	65
1	1187	8472.654	66
1	1202	8554.939	67
1	1216	8713.795	68
1	1224	8738.737	69
1	1237	8847.319	68
1	1241	8851.463	69
1	1252	8938.375	70
1	1256	9011.497	71
1	1264	9046.24	72
1	1287	9171.922	73
1	1295	9293.255	74
1	1301	9365.796	75
1	1317	9557.404	76
1	1321	9569.164	77
1	1339	9710.729	78
1	1341	9780.91	79
1	1353	9863.077	80
1	1370	10002.021	81
1	1388	10098.987	80
1	1394	10138.476	81
1	1396	10146.838	82
1	1406	10225.298	83
1	1426	10290.613	84
1	1438	10392.345	85
1	1452	10474.666	86
1	1456	10500.655	87
1	1468	10658.539	88
1	1481	10750.738	87
1	1485	10762.617	88
1	1510	10958.716	89
1	1514	10985.965	90
1	1537	11184.366	89
1	1541	11185.607	90
1	1545	11199.307	91
1	1552	11225.013	92
1	1558	11285.761	93
1	1570	11370.626	94
1	1578	11410.56	93
1	1583	11457.13	94
1	1591	11552.642	93
1	1595	11566.866	94
1	1597	11574.127	95
1	1600	11584.349	94
1	1611	11710.767	95
1	1636	11861.691	94
1	1643	11885.287	95
1	1648	11936.234	96
1	1654	12012.446	97
1	1682	12339.259	98
1	1697	12443.1	97
1	1701	12445.934	98
1	1722	12530.914	99
1	1730	12593.203	100
1	1738	12674.094	101
1	1757	12868.707	102
1	1767	12947.913	103
1	1788	13126.726	104
1	1796	13207.035	105
1	1820	13311.194	106
1	1840	13432.969	107
1	1850	13497.599	108
1	1860	13591.118	109
1	1874	13837.509	110
1	1889	13954.37	111
1	1901	13984.997	112
1	1913	14011.983	113
1	1935	14201.413	114
1	1937	14202.849	113
1	1941	14210.011	114
1	1970	14380.017	115
1	1985	14496.572	116
1	1991	14534.201	115
1	1995	14539.668	116
1	2002	14583.394	117
1	2006	14632.874	116
1	2010	14659.326	117
1	2013	14665.001	116
1	2017	14686.8	117
1	2033	14776.911	118
1	2037	14803.197	117
1	2041	14803.632	118
1	2045	14824.948	119
1	2052	14905.562	120
1	2069	15027.45	121
1	2099	15338.639	122
1	2111	15451.886	123
1	2113	15456.489	124
1	2152	15569.945	125
1	2177	15732.171	126
1	2187	15781.396	127
1	2197	15868.057	128
1	2230	15987.289	129
1	2244	16053.834	130
1	2254	16071.503	131
1	2283	16200.216	132
1	2285	16201.228	133
1	2302	16302.261	132
1	2306	16314.307	133
1	2326	16468.626	134
1	2339	16593.988	135
1	2351	16659.259	136
1	2357	16694.139	137
1	2373	16892.418	138
1	2379	16967.976	139
1	2385	16997.366	140
1	2402	17118.048	141
1	2421	17369.156	142
1	2444	17508.974	141
1	2449	17547.858	142
1	2455	17571.757	143
1	2459	17588.956	144
1	2490	17781.343	145
1	2503	17841.841	146
1	2528	18065.397	147
1	2541	18171.596	148
1	2551	18210.093	149
1	2570	18384.515	150
1	2572	18408.979	151
1	2581	18454.809	150
1	2620	18722.297	151
1	2624	18735.421	152
1	2650	18870.178	151
1	2654	18880.64	152
1	2669	18964.634	153
1	2697	19271.814	152
1	2705	19344.279	153
1	2715	19404.719	154
1	2735	19607.43	155
1	2757	19722.85	154
1	2761	19723.956	155
1	2770	19766.875	156
1	2774	19809.38	155
1	2778	19822.65	156
1	2787	19877.515	157
1	2793	19935.147	158
1	2814	20081.012	159
1	2841	20251.932	160
1	2843	20273.425	159
1	2864	20433.407	160
1	2887	20501.573	161
1	2898	20622.982	162
1	2922	20698.548	163
1	2941	20790.624	164
1	2943	20795.103	165
1	2957	20900.45	166
1	2959	20914.46	165
1	2973	20984.449	166
1	2985	21075.712	167
1	2989	21123.672	168
1	2999	21209.472	169
1	3015	21518.4	170
1	3021	21544.58	171
1	3042	21617.498	172
1	3051	21709.056	173
1	3074	21991.993	174
1	3082	22060.617	175
1	3088	22079.521	176
1	3121	22361.168	177
1	3136	22438.05	178
1	3148	22556.431	179
1	3162	22616.863	180
1	3180	22668.967	181
1	3190	22757.186	182
1	3196	22796.463	181
1	3213	22888.959	182
1	3239	23027.459	183
1	3260	23167.902	184
1	3282	23310.078	185
1	3297	23429.952	186
1	3314	23535.178	187
1	3324	23630.797	188
1	3336	23788.656	189
1	3338	23790.799	188
1	3344	23818.266	189
1	3355	23891.564	190
1	3367	23979.205	191
1	3374	24040.283	192
1	3394	24258.574	191
1	3399	24310.347	192
1	3409	24450.601	193
1	3423	24505.615	194
1	3443	24606.011	195
1	3449	24695.631	196
1	3451	24696.126	195
1	3464	24788.116	196
1	3480	24870.095	195
1	3484	24891.432	196
1	3493	24979.806	197
1	3499	25036.884	198
1	3509	25197.366	197
1	3525	25388.987	198
1	3536	25443.592	199
1	3542	25504.074	200
1	3548	25559.574	201
1	3571	25662.247	202
1	3599	25818.458	201
1	3605	25865.727	202
1	3618	25978.628	203
1	3627	26089.626	204
1	3637	26179.356	205
1	3651	26273.043	206
1	3666	26461.106	207
1	3674	26620.891	208
1	3701	26797.417	209
1	3704	26802.621	208
1	3710	26817.102	209
1	3717	26899.642	210
1	3750	27104.136	211
1	3764	27204.971	212
1	3766	27212.241	211
1	3770	27217.637	212
1	3779	27291.205	213
1	3787	27310.984	212
1	3809	27481.373	213
1	3820	27549.834	214
1	3841	27719.536	215
1	3845	27737.597	216
1	3857	27790.371	217
1	3865	27850.738	218
1	3875	27991.054	219
1	3877	28026.844	218
1	3888	28098.281	219
1	3907	28159.715	220
1	3920	28251.316	221
1	3933	28322.706	222
1	3965	28618.737	223
1	3967	28622.175	222
1	3977	28672.722	223
1	3989	28797.674	224
1	3991	28819.077	225
1	4007	28954.707	226
1	4045	29232.397	227
1	4065	29333.605	228
1	4075	29466.164	229
1	4092	29574.422	230
1	4108	29627.572	231
1	4130	29744.189	232
1	4136	29844.17	233
1	4153	30017.713	234
1	4185	30194.506	235
1	4190	30239.492	234
1	4196	30261.878	235
1	4213	30344.185	236
1	4225	30530.417	237
1	4248	30749.986	238
1	4263	30861.534	239
1	4273	31029.548	240
1	4283	31144.107	239
1	4290	31153.067	240
1	4297	31175.37	241
1	4316	31280.35	242
1	4320	31321.14	243
1	4328	31385.752	242
1	4332	31400.058	243
1	4336	31409.914	244
1	4346	31495.153	243
1	4353	31534.677	244
1	4365	31591.754	245
1	4376	31635.552	246
1	4388	31661.567	247
1	4402	31783.679	248
1	4410	31965.646	249
1	4422	32013.357	250
1	4439	32141.725	251
1	4441	32166.911	250
1	4446	32220.625	251
1	4452	32244.932	252
1	4480	32365.564	253
1	4488	32407.12	254
1	4518	32668.669	255
1	4533	32811.404	256
1	4535	32812.116	257
1	4545	32942.513	258
1	4584	33219.364	259
1	4588	33315.457	260
1	4600	33434.911	261
1	4606	33471.62	262
1	4638	33725.416	263
1	4646	33741.024	264
1	4656	33791.672	265
1	4664	33855.102	266
1	4670	33912.772	267
1	4686	34034.944	268
1	4696	34150.413	269
1	4713	34249.859	270
1	4726	34377.983	271
1	4736	34483.565	272
1	4753	34571.848	273
1	4761	34610.627	274
1	4778	34736.416	275
1	4780	34766.819	274
1	4786	34771.497	275
1	4804	34865.034	276
1	4819	34985.184	277
1	4837	35155.555	278
1	4851	35194.36	277
1	4856	35218.761	278
1	4868	35240.825	279
1	4911	35505.765	278
1	4915	35519.792	279
1	4920	35569.225	278
1	4924	35589.886	279
1	4927	35602.391	280
1	4940	35742.57	281
1	4952	35836.559	282
1	4967	35912.796	283
1	4979	36053.877	284
1	4991	36137.051	285
1	4993	36142.738	284
1	4998	36175.344	285
1	5002	36218.113	286
1	5025	36389.522	287
1	5031	36470.195	288
1	5039	36539.89	289
1	5058	36648.308	290
1	5068	36738.949	291
1	5080	36913.369	292
1	5084	36922.022	291
1	5088	36923.869	292
1	5098	36941.982	293
1	5116	37082.17	294
1	5120	37091.288	295
1	5139	37248.313	296
1	5143	37285.081	295
1	5149	37304.973	296
1	5158	37357.313	297
1	5171	37444.957	298
1	5190	37525.944	297
1	5198	37580.476	298
1	5202	37622.313	299
1	5214	37745.157	300
1	5220	37778.437	301
1	5230	37825.852	302
1	5248	38042.105	303
1	5256	38073.483	304
1	5264	38123.077	305
1	5279	38272.097	306
1	5293	38301.099	307
1	5301	38433.973	308
1	5311	38474.539	309
1	5317	38513.388	310
1	5328	38600.848	309
1	5332	38613.027	310
1	5355	38721.196	309
1	5367	38777.814	310
1	5369	38790.167	311
1	5375	38794.438	310
1	5382	38887.796	311
1	5408	39058.237	312
1	5414	39138.073	313
1	5428	39229.475	314
1	5437	39285.283	315
1	5462	39458.917	316
1	5472	39480.084	317
1	5480	39528.56	316
1	5499	39593.805	317
1	5511	39685.471	318
1	5539	39814.159	319
1	5565	39977.819	320
1	5582	40101.198	321
1	5584	40115.706	322
1	5594	40178.339	321
1	5599	40221.896	322
1	5603	40233.593	323
1	5613	40291.072	324
1	5623	40358.425	325
1	5631	40427.873	326
1	5645	40467.498	327
1	5660	40563.443	328
1	5685	40735.255	329
1	5700	40847.843	330
1	5702	40853.812	331
1	5721	41009.373	332
1	5742	41153.989	333
1	5748	41185.391	334
1	5756	41231.662	335
1	5775	41356.357	336
1	5790	41464.929	335
1	5800	41523.967	336
1	5813	41600.272	337
1	5829	41715.48	338
1	5844	41815.528	339
1	5859	41883.658	338
1	5870	41923.447	339
1	5877	41947.905	340
1	5887	42015.755	341
1	5889	42031.6	342
1	5908	42219.433	343
1	5922	42453.302	344
1	5928	42566.66	345
1	5940	42640.657	346
1	5946	42712.556	347
1	5984	42986.683	348
1	5991	43123.584	349
1	5997	43215.928	350
1	6015	43349.699	351
1	6019	43404.261	352
1	6042	43613.567	353
1	6050	43756.82	354
1	6063	43844.046	353
1	6067	43857.919	354
1	6086	43988.254	355
1	6108	44218.84	356
1	6116	44282.055	357
1	6133	44452.342	358
1	6165	44652.271	359
1	6167	44664.131	360
1	6171	44698.75	359
1	6182	44762.211	360
1	6198	44917.607	361
1	6237	45152.04	362
1	6239	45157.95	363
1	6267	45412.57	362
1	6271	45420.313	363
1	6278	45525.975	364
1	6288	45636.808	365
1	6290	45642.401	366
1	6313	45866.455	367
1	6321	45899.886	366
1	6325	45900.689	367
1	6329	45906.746	368
1	6333	45925.87	369
1	6348	46015.423	370
1	6367	46113.456	371
1	6373	46144.294	372
1	6389	46305.746	373
1	6406	46421.3	374
1	6423	46607.864	375
1	6429	46667.638	376
1	6439	46793.418	377
1	6454	46871.959	378
1	6480	47039.154	379
1	6486	47062.249	380
1	6510	47226.514	381
1	6524	47350.715	382
1	6536	47415.341	383
1	6554	47501.936	384
1	6583	47740.674	385
1	6588	47762.402	386
1	6618	48016.311	387
1	6624	48075.096	388
1	6648	48239.134	389
1	6656	48322.502	390
1	6696	48598.308	391
1	6698	48602.456	390
1	6704	48628.14	391
1	6711	48708.162	390
1	6715	48712.064	391
1	6724	48749.977	392
1	6726	48754.544	391
1	6730	48760.291	392
1	6739	48846.181	393
1	6745	48875.469	394
1	6762	49006.898	395
1	6774	49092.414	396
1	6795	49166.62	395
1	6800	49171.315	396
1	6807	49261.314	397
1	6831	49393.229	396
1	6852	49475.246	397
1	6867	49530.06	398
1	6880	49648.623	399
1	6890	49693.674	400
1	6894	49731.858	401
1	6922	50032.008	400
1	6927	50076.272	401
1	6931	50103.647	402
1	6941	50170.414	403
1	6943	50177.921	404
1	6962	50312.184	405
1	6985	50538.701	406
1	6995	50574.52	405
1	6999	50580.103	406
1	7001	50596.765	407
1	7015	50720.903	408
1	7019	50739.18	407
1	7023	50740.912	408
1	7050	50904.124	407
1	7054	50909.678	408
1	7056	50913.347	409
1	7060	50932.066	410
1	7073	50992.133	411
1	7081	51061.272	412
1	7091	51097.463	411
1	7120	51289.589	412
1	7135	51412.598	413
1	7147	51537.588	414
1	7159	51641.471	413
1	7164	51671.427	414
1	7187	51791.726	415
1	7189	51800.459	416
1	7215	52020.503	417
1	7234	52117.751	418
1	7262	52422.668	419
1	7276	52462.464	420
1	7288	52516.796	421
1	7305	52643.815	422
1	7319	52728.341	421
1	7326	52832.954	422
1	7338	52963.436	423
1	7342	52996.539	422
1	7351	53053.625	423
1	7353	53070.507	424
1	7368	53156.27	423
1	7374	53180.991	424
1	7379	53237.358	425
1	7387	53309.755	426
1	7408	53412.792	425
1	7412	53426.002	426
1	7424	53540.585	427
1	7434	53573.016	428
1	7447	53723.601	429
1	7463	53865.539	430
1	7467	53872.077	431
1	7476	53949.613	430
1	7485	54030.731	431
1	7508	54153.705	432
1	7520	54216.17	431
1	7524	54217.977	432
1	7541	54387.572	431
1	7545	54397.768	432
1	7573	54736.26	433
1	7585	54809.842	434
1	7589	54844.753	435
1	7609	54995.82	434
1	7615	55004.036	435
1	7620	55020.382	436
1	7643	55076.574	437
1	7663	55192.72	438
1	7667	55223.745	437
1	7676	55258.893	438
1	7680	55290.14	439
1	7715	55544.245	440
1	7724	55621.529	439
1	7731	55680.113	440
1	7742	55758.977	441
1	7750	55821.993	440
1	7769	55975.541	441
1	7773	55994.333	442
1	7797	56196.501	443
1	7818	56409.407	444
1	7824	56521.661	443
1	7834	56661.711	444
1	7836	56669.096	445
1	7863	56840.25	446
1	7893	57055.588	447
1	7905	57214.173	448
1	7915	57275.25	449
1	7925	57333.742	450
1	7931	57402.709	451
1	7945	57463.02	452
1	7966	57589.718	453
2	5	17.971	0
2	134	1121.321	44.709
2	170	1280.187	26.328
2	267	1846.493	59.986
2	278	1879.082	3.051
2	378	2578.162	48.055
2	391	2626.974	5.851
2	460	3237.691	47.214
2	544	3925.182	34.436
2	646	4695.123	73.076
2	895	6461.526	90.385
2	923	6569.058	73.894
2	954	6782.43	2.885
2	1027	7151.186	23.377
2	1165	8334.336	71.56
2	1505	10916.49	16.92
2	1668	12145.501	54.358
2	1703	12458.997	63.207
2	1815	13284.466	20.59
2	1825	13326.686	62.81
2	2022	14706.004	126.093
2	2207	15910.911	30.693
2	2269	16184.16	42.038
2	2291	16232.203	35.359
2	2308	16324.576	91.308
2	2391	17081.451	0.51
2	2423	17370.829	13.317
2	2481	17732.375	55.553
2	2592	18520.943	204.742
2	2687	19224.354	58.152
2	2707	19375.202	209
2	2718	19410.554	30.972
2	2859	20340.414	16.533
2	2868	20446.185	4.152
2	3109	22318.831	114.78
2	3125	22391.648	50.41
2	3266	23209.864	93.212
2	3363	23974.414	48.948
2	3385	24092.751	95.863
2	3428	24520.125	52.815
2	3468	24820.34	1.209
2	3556	25612.145	36.034
2	3577	25716.097	62.945
2	3586	25759.892	33.464
2	3593	25799.753	33.058
2	3607	25920.671	153.976
2	3793	27347.155	89.507
2	3890	28117.269	22.382
2	4016	29017.019	8.401
2	4038	29184.93	75.916
2	4051	29239.948	130.934
2	4119	29681.227	57.549
2	4339	31436.032	64.728
2	4367	31591.776	8.885
2	4466	32326.625	83.945
2	4507	32624.678	35.164
2	4698	34184.849	99.613
2	4715	34283.203	81.278
2	4799	34828.838	14.442
2	4858	35219.882	111.781
2	4873	35292.241	62.439
2	4958	35873.466	6.526
2	5045	36574.396	6.329
2	5128	37118.051	5.275
2	5268	38146.856	63.759
2	5359	38745.523	116.956
2	5484	39540.955	62.182
2	5704	40860.12	42.121
2	5723	41034.157	67.023
2	5777	41356.392	10.555
2	5823	41697.387	92.567
2	5863	41896.03	123.237
2	6090	44036.835	244.383
2	6189	44793.579	201.46
2	6259	45382.569	44.118
2	6399	46396.9	62.395
2	6460	46897.66	28.761
2	6530	47390.004	38.975
2	6560	47587.273	158.55
2	6607	47938.8	32.961
2	6749	48915.734	118.918
2	6842	49443.068	134.557
2	6863	49529.871	12.511
2	7039	50836.976	46.114
2	7085	51081.447	15.037
2	7202	51927.795	17.399
2	7296	52600.706	61.353
2	7389	53314.998	27.349
2	7719	55577.753	47.949
2	7805	56314.551	7.924
2	7846	56733.821	6.771
2	7947	57484.884	79.546
3	5	17.971	0
3	30	262.346	1
3	50	344.727	2
3	67	521.887	3
3	86	643.457	4
3	94	728.42	5
3	106	790.714	6
3	132	1076.612	7
3	134	1121.321	6
3	142	1140.471	7
3	154	1221.364	8
3	162	1253.859	9
3	170	1280.187	8
3	185	1334.43	9
3	203	1441.775	10
3	242	1750.051	11
3	252	1786.507	12
3	267	1846.493	11
3	275	1876.031	12
3	278	1879.082	11
3	283	1885.266	12
3	290	1921.02	13
3	310	2089.308	14
3	320	2239.708	15
3	339	2410.013	16
3	358	2530.107	17
3	378	2578.162	16
3	382	2584.228	17
3	389	2621.123	18
3	391	2626.974	17
3	395	2642.303	18
3	411	2729.591	19
3	421	2857.67	20
3	452	3169.947	21
3	458	3190.477	22
3	460	3237.691	21
3	471	3349.422	22
3	473	3358.52	23
3	485	3449.181	24
3	501	3587.299	25
3	503	3605.458	26
3	528	3807.827	27
3	532	3890.746	28
3	544	3925.182	27
3	552	3976.757	28
3	560	4083.051	29
3	584	4212.49	30
3	607	4419.603	31
3	625	4508.185	32
3	633	4622.047	33
3	646	4695.123	32
3	656	4721.547	33
3	675	4785.773	34
3	681	4832.993	35
3	687	4854.241	36
3	714	5041.186	37
3	736	5203.834	38
3	738	5205.948	39
3	776	5490.657	40
3	801	5751.504	41
3	803	5755.826	42
3	827	6036.934	43
3	843	6097.706	44
3	851	6193.713	45
3	859	6228.505	46
3	880	6371.141	47
3	895	6461.526	46
3	899	6477.685	47
3	906	6495.164	48
3	923	6569.058	47
3	927	6569.348	48
3	929	6593.138	49
3	938	6646.797	50
3	950	6779.545	51
3	954	6782.43	50
3	958	6789.008	51
3	967	6860.699	52
3	982	6922.239	53
3	999	7005.97	54
3	1023	7127.809	55
3	1027	7151.186	54
3	1031	7172.308	55
3	1049	7274.777	56
3	1057	7388.284	57
3	1061	7414.54	58
3	1093	7738.66	59
3	1095	7744.647	60
3	1113	7945.356	61
3	1119	8058.557	62
3	1127	8114.354	63
3	1144	8212.461	64
3	1152	8262.776	65
3	1165	8334.336	64
3	1175	8366.547	65
3	1183	8455.972	66
3	1206	8582.155	67
3	1214	8704.77	68
3	1230	8772.481	69
3	1250	8929.508	70
3	1258	9013.914	71
3	1272	9092.449	72
3	1289	9176.423	73
3	1299	9296.977	74
3	1309	9489.921	75
3	1313	9524.077	76
3	1327	9648.876	77
3	1337	9698.573	78
3	1347	9808.152	79
3	1366	9984.353	80
3	1368	9990.204	81
3	1400	10211.671	82
3	1402	10218.039	83
3	1428	10304.585	84
3	1436	10385.801	85
3	1448	10439.059	86
3	1464	10602.924	87
3	1472	10680.926	88
3	1501	10899.57	89
3	1505	10916.49	88
3	1512	10978.006	89
3	1516	11001.699	90
3	1533	11132.896	91
3	1547	11204.968	92
3	1564	11317.912	93
3	1576	11409.469	94
3	1587	11529.731	95
3	1646	11891.969	96
3	1658	12091.143	97
3	1668	12145.501	96
3	1676	12173.062	97
3	1693	12395.79	98
3	1703	12458.997	97
3	1716	12514.005	98
3	1724	12542.237	99
3	1728	12589.248	100
3	1751	12830.8	101
3	1761	12914.691	102
3	1765	12930.511	103
3	1780	13080.313	104
3	1805	13241.619	105
3	1807	13263.876	106
3	1815	13284.466	105
3	1825	13326.686	104
3	1829	13330.775	105
3	1831	13349.841	106
3	1838	13407.051	107
3	1856	13551.686	108
3	1858	13566.823	109
3	1868	13718.574	110
3	1880	13887.196	111
3	1909	13992.525	112
3	1920	14112.883	113
3	1929	14170.588	114
3	1959	14311.286	115
3	1977	14451.3	116
3	2000	14579.911	117
3	2022	14706.004	116
3	2026	14724.56	117
3	2031	14751.479	118
3	2043	14817.803	119
3	2056	14931.847	120
3	2073	15057.154	121
3	2101	15343.518	122
3	2103	15373.177	123
3	2142	15532.23	124
3	2144	15562.703	125
3	2183	15760.163	126
3	2185	15760.979	127
3	2199	15880.218	128
3	2207	15910.911	127
3	2215	15949.175	128
3	2225	15977.203	129
3	2248	16058.845	130
3	2257	16089.941	131
3	2265	16142.122	132
3	2269	16184.16	131
3	2277	16196.844	132
3	2291	16232.203	131
3	2295	16233.268	132
3	2308	16324.576	131
3	2312	16327.124	132
3	2315	16344.898	133
3	2318	16390.258	134
3	2341	16594.681	135
3	2353	16679.191	136
3	2363	16781.718	137
3	2365	16787.569	138
3	2377	16934.804	139
3	2389	17080.941	140
3	2391	17081.451	139
3	2399	17100.807	140
3	2415	17235.135	141
3	2419	17357.512	142
3	2423	17370.829	141
3	2431	17398.161	142
3	2438	17467.691	143
3	2468	17676.822	144
3	2481	17732.375	143
3	2486	17778.343	144
3	2499	17817.259	145
3	2512	17959.911	146
3	2526	18063.199	147
3	2537	18146.027	148
3	2549	18203.011	149
3	2562	18316.201	150
3	2592	18520.943	149
3	2600	18546.5	150
3	2604	18580.27	151
3	2658	18896.033	152
3	2675	19025.912	153
3	2681	19166.202	154
3	2687	19224.354	153
3	2707	19375.202	152
3	2711	19379.582	153
3	2718	19410.554	152
3	2723	19455.668	153
3	2727	19483.495	154
3	2752	19678.307	155
3	2754	19686.104	156
3	2772	19772.067	157
3	2791	19934.524	158
3	2812	20075.426	159
3	2857	20323.881	160
3	2859	20340.414	159
3	2866	20442.033	160
3	2868	20446.185	159
3	2872	20454.786	160
3	2876	20462.123	161
3	2894	20606.733	162
3	2929	20725.018	163
3	2939	20785.325	164
3	2947	20851.548	165
3	2965	20937.408	166
3	2979	21008.243	167
3	2987	21120.962	168
3	3003	21244.845	169
3	3009	21450.857	170
3	3029	21573.983	171
3	3049	21702.863	172
3	3064	21865.194	173
3	3076	22037.167	174
3	3078	22048.186	175
3	3099	22204.051	176
3	3109	22318.831	175
3	3114	22333.268	176
3	3118	22341.238	177
3	3125	22391.648	176
3	3133	22420.547	177
3	3140	22505.013	178
3	3154	22584.055	179
3	3166	22631.825	180
3	3182	22673.95	181
3	3223	22940.261	182
3	3235	22996.695	183
3	3256	23116.652	184
3	3266	23209.864	183
3	3276	23255.801	184
3	3280	23288.225	185
3	3295	23394.857	186
3	3316	23544.735	187
3	3326	23633.896	188
3	3330	23648.446	189
3	3349	23860.337	190
3	3357	23925.466	191
3	3363	23974.414	190
3	3371	23996.888	191
3	3385	24092.751	190
3	3390	24131.415	191
3	3401	24319.927	192
3	3411	24467.31	193
3	3428	24520.125	192
3	3432	24534.057	193
3	3434	24545.12	194
3	3445	24609.721	195
3	3462	24786.932	196
3	3466	24819.131	197
3	3468	24820.34	196
3	3489	24925.712	197
3	3501	25135.8	198
3	3534	25414.187	199
3	3546	25543.495	200
3	3554	25576.111	201
3	3556	25612.145	200
3	3562	25638.214	201
3	3567	25653.152	202
3	3577	25716.097	201
3	3581	25717.299	202
3	3583	25726.428	203
3	3586	25759.892	202
3	3590	25766.695	203
3	3593	25799.753	202
3	3607	25920.671	201
3	3616	25976.516	202
3	3623	26030.424	203
3	3629	26095.181	204
3	3645	26244.759	205
3	3661	26349.034	206
3	3664	26452.146	207
3	3683	26725.897	208
3	3712	26832.029	209
3	3715	26847.032	210
3	3748	27082.665	211
3	3758	27152.924	212
3	3777	27257.648	213
3	3793	27347.155	212
3	3799	27375.05	213
3	3811	27487.887	214
3	3834	27687.837	215
3	3849	27742.122	216
3	3855	27776.412	217
3	3867	27872.743	218
3	3886	28094.887	219
3	3890	28117.269	218
3	3894	28119.361	219
3	3914	28214.361	220
3	3916	28224.452	221
3	3944	28542.265	222
3	3979	28682.826	223
3	3985	28727.269	224
3	3993	28866.914	225
3	4012	29008.618	226
3	4016	29017.019	225
3	4023	29065.217	226
3	4027	29109.014	227
3	4038	29184.93	226
3	4051	29239.948	225
3	4055	29246.759	226
3	4057	29253.096	227
3	4067	29340.363	228
3	4077	29473.872	229
3	4096	29595.416	230
3	4106	29623.678	231
3	4119	29681.227	230
3	4123	29684.647	231
3	4132	29810.785	232
3	4149	29959.819	233
3	4155	30043.134	234
3	4179	30189.49	235
3	4221	30482.465	236
3	4231	30597.038	237
3	4233	30599.681	238
3	4254	30799.028	239
3	4275	31064.219	240
3	4277	31091.019	241
3	4310	31216.337	242
3	4326	31371.304	243
3	4339	31436.032	242
3	4343	31460.363	243
3	4350	31525.127	244
3	4363	31582.891	245
3	4367	31591.776	244
3	4371	31603.178	245
3	4384	31650.726	246
3	4392	31696.38	247
3	4404	31914.082	248
3	4408	31943.889	249
3	4416	31981.533	250
3	4437	32127.791	251
3	4450	32242.68	252
3	4466	32326.625	251
3	4471	32335.242	252
3	4476	32363.049	253
3	4490	32412.239	254
3	4503	32589.514	255
3	4507	32624.678	254
3	4511	32626.969	255
3	4529	32774.934	256
3	4539	32838.818	257
3	4549	32976.826	258
3	4582	33190.558	259
3	4592	33347.264	260
3	4596	33407.92	261
3	4617	33552.692	262
3	4636	33724.511	263
3	4642	33737.403	264
3	4650	33746.717	265
3	4666	33901.084	266
3	4678	33975.038	267
3	4682	33993.631	268
3	4692	34085.236	269
3	4698	34184.849	268
3	4702	34185.479	269
3	4708	34201.925	270
3	4715	34283.203	269
3	4719	34286.973	270
3	4730	34432.791	271
3	4749	34558.033	272
3	4759	34595.729	273
3	4774	34706.915	274
3	4790	34781.378	275
3	4795	34814.396	276
3	4799	34828.838	275
3	4806	34877.324	276
3	4823	35010.734	277
3	4831	35108.101	278
3	4858	35219.882	277
3	4862	35222.686	278
3	4866	35229.802	279
3	4873	35292.241	278
3	4884	35323.648	279
3	4918	35556.568	280
3	4942	35801.514	281
3	4948	35828.356	282
3	4956	35866.94	283
3	4958	35873.466	282
3	4962	35884.859	283
3	4977	36053.609	284
3	4987	36103.097	285
3	5008	36249.686	286
3	5023	36381.942	287
3	5033	36474.344	288
3	5043	36568.067	289
3	5045	36574.396	288
3	5052	36611.761	289
3	5056	36635.359	290
3	5070	36768.636	291
3	5076	36860.52	292
3	5100	36943.061	293
3	5114	37077.852	294
3	5124	37112.776	295
3	5128	37118.051	294
3	5133	37153.783	295
3	5147	37304.307	296
3	5160	37359.697	297
3	5173	37458.339	298
3	5206	37650.508	299
3	5216	37769.32	300
3	5228	37808.26	301
3	5234	37855.127	302
3	5244	38003.145	303
3	5258	38083.097	304
3	5268	38146.856	303
3	5273	38208.891	304
3	5275	38213.058	305
3	5285	38281.504	306
3	5287	38285.598	307
3	5297	38367.132	308
3	5313	38490.191	309
3	5340	38628.567	310
3	5359	38745.523	309
3	5363	38747.554	310
3	5373	38793.039	311
3	5395	38945.917	312
3	5410	39072.765	313
3	5433	39268.103	314
3	5450	39387.569	315
3	5458	39449.313	316
3	5468	39478.773	317
3	5484	39540.955	316
3	5492	39565.152	317
3	5515	39726.515	318
3	5525	39742.854	319
3	5543	39828.263	320
3	5580	40094.416	321
3	5588	40146.778	322
3	5609	40278.889	323
3	5619	40311.699	324
3	5621	40348.455	325
3	5633	40438.381	326
3	5656	40519.741	327
3	5664	40586.132	328
3	5683	40726.151	329
3	5694	40817.999	330
3	5704	40860.12	329
3	5708	40889.749	330
3	5715	40967.134	331
3	5723	41034.157	330
3	5727	41036.602	331
3	5734	41134.823	332
3	5738	41144.502	333
3	5746	41178.936	334
3	5767	41289.903	335
3	5773	41345.837	336
3	5777	41356.392	335
3	5795	41476.289	336
3	5815	41604.82	337
3	5823	41697.387	336
3	5827	41699.97	337
3	5831	41716.419	338
3	5840	41772.793	339
3	5863	41896.03	338
3	5868	41920.227	339
3	5872	41924.127	340
3	5881	41960.126	341
3	5891	42058.452	342
3	5910	42235.059	343
3	5916	42371.81	344
3	5926	42505.138	345
3	5944	42676.185	346
3	5965	42869.813	347
3	5980	42961.766	348
3	5989	43106.441	349
3	6001	43271.881	350
3	6009	43318.343	351
3	6025	43503.239	352
3	6035	43574.474	353
3	6058	43780.425	354
3	6060	43792.452	355
3	6090	44036.835	354
3	6104	44148.149	355
3	6106	44212.238	356
3	6129	44421.539	357
3	6143	44503.916	358
3	6154	44592.119	359
3	6189	44793.579	358
3	6193	44815.534	359
3	6196	44841.201	360
3	6208	45001.29	361
3	6233	45096.338	362
3	6241	45186.293	363
3	6253	45338.451	364
3	6259	45382.569	363
3	6274	45444.822	364
3	6280	45535.868	365
3	6292	45668.015	366
3	6315	45873.235	367
3	6331	45908.921	368
3	6340	45983.626	369
3	6357	46085.288	370
3	6365	46113.438	371
3	6379	46200.297	372
3	6383	46281.744	373
3	6391	46334.505	374
3	6399	46396.9	373
3	6411	46542.491	374
3	6417	46588.858	375
3	6427	46660.545	376
3	6437	46763.389	377
3	6452	46868.899	378
3	6460	46897.66	377
3	6474	46971.252	378
3	6482	47052.817	379
3	6494	47120.605	380
3	6512	47245.303	381
3	6526	47351.029	382
3	6530	47390.004	381
3	6534	47413.218	382
3	6543	47428.723	383
3	6560	47587.273	382
3	6565	47618.904	383
3	6569	47651.755	384
3	6581	47735.223	385
3	6603	47903.805	386
3	6605	47905.839	387
3	6607	47938.8	386
3	6611	47952.075	387
3	6622	48066.215	388
3	6650	48256.323	389
3	6662	48406.005	390
3	6694	48573.093	391
3	6732	48776.644	392
3	6737	48796.816	393
3	6749	48915.734	392
3	6754	48948.055	393
3	6756	48957.617	394
3	6770	49083.589	395
3	6787	49131.216	396
3	6816	49308.511	397
3	6842	49443.068	396
3	6854	49490.356	397
3	6861	49517.36	398
3	6863	49529.871	397
3	6870	49589.076	398
3	6876	49632.962	399
3	6884	49669.781	400
3	6914	49982.986	401
3	6918	50000.161	402
3	6933	50110.965	403
3	6951	50221.24	404
3	6968	50349.297	405
3	6977	50463.538	406
3	6989	50551.512	407
3	7006	50674.598	408
3	7034	50790.862	409
3	7039	50836.976	408
3	7047	50862.791	409
3	7058	50921.832	410
3	7075	50995.498	411
3	7083	51066.41	412
3	7085	51081.447	411
3	7089	51090.877	412
3	7133	51409.366	413
3	7145	51494.946	414
3	7151	51586.771	415
3	7200	51910.396	416
3	7202	51927.795	415
3	7208	51940.754	416
3	7213	51959.048	417
3	7236	52127.43	418
3	7240	52270.363	419
3	7280	52478.777	420
3	7290	52539.353	421
3	7296	52600.706	420
3	7303	52631.935	421
3	7330	52860.156	422
3	7340	52970.324	423
3	7361	53098.203	424
3	7385	53287.649	425
3	7389	53314.998	424
3	7393	53317.831	425
3	7402	53386.045	426
3	7415	53466.763	427
3	7430	53548.439	428
3	7451	53776.337	429
3	7457	53811.685	430
3	7480	53970.555	431
3	7514	54163.003	432
3	7577	54748.399	433
3	7587	54829.325	434
3	7595	54873.802	435
3	7599	54928.351	436
3	7625	55028.944	437
3	7674	55254.384	438
3	7698	55427.735	439
3	7713	55529.804	440
3	7719	55577.753	439
3	7728	55648.196	440
3	7765	55965.155	441
3	7780	56062.206	442
3	7803	56306.627	443
3	7805	56314.551	442
3	7809	56344.297	443
3	7820	56410.352	444
3	7842	56727.05	445
3	7846	56733.821	444
3	7850	56756.934	445
3	7852	56758.443	446
3	7899	57168.924	447
3	7901	57192.871	448
3	7913	57251.432	449
3	7927	57376.407	450
3	7935	57405.338	451
3	7947	57484.884	450
3	7951	57511.086	451
3	7956	57522.697	452
3	7958	57555.174	453
4	10	55.163	0
4	32	279.401	117.187
4	303	2041.994	134.075
4	366	2539.065	43.247
4	515	3728.161	78.222
4	570	4180.055	46.958
4	637	4640.142	83.266
4	764	5392.021	133.864
4	863	6273.977	60.762
4	1003	7015.208	61.632
4	1069	7520.924	94.163
4	1408	10236.848	167.839
4	1476	10715.974	3.755
4	1490	10802.24	27.954
4	1526	11097.919	61.156
4	1773	13025.975	68.829
4	1955	14303.908	1.244
4	2129	15492.644	54.381
4	2163	15616.175	32.897
4	2170	15647.649	23.029
4	2217	15951.135	98.489
4	2238	16046.731	64.218
4	2408	17151.601	28.009
4	2505	17913.873	181.555
4	2574	18413.238	34.281
4	2606	18647.993	143.089
4	2644	18867.014	78.394
4	2693	19259.414	107.329
4	2737	19635.616	69.589
4	2795	19960.526	40.685
4	2830	20129.506	91.51
4	2916	20692.401	37.655
4	3168	22636.638	9.813
4	3202	22817.933	17.032
4	3376	24048.905	89.432
4	3655	26319.875	18.3
4	3689	26767.866	305.182
4	3802	27400.792	172.243
4	3922	28252.247	38.396
4	3937	28447.558	139.881
4	3948	28555.612	10.259
4	3961	28613.534	0.686
4	3999	28928.557	242.448
4	4047	29236.78	146.871
4	4205	30303.139	122.127
4	4239	30698.962	59.998
4	4256	30799.099	19.672
4	4279	31114.326	146.268
4	4426	32029.147	14.84
4	4559	33010.631	32.427
4	4625	33629.371	114.782
4	4738	34511.093	73.214
4	4767	34641.419	9.595
4	4841	35177.07	36.562
4	4894	35387.498	197.234
4	5010	36273.34	36.868
4	5164	37391.911	13.526
4	5336	38624.039	7.374
4	5476	39516.437	46.728
4	5549	39887.23	73.103
4	5554	39933.9	119.773
4	5647	40470.539	13.942
4	5784	41442.731	162.1
4	5957	42860.028	203.831
4	6097	44105.925	218.916
4	6120	44350.646	106.588
4	6220	45047.281	5.327
4	6350	46025.553	73.287
4	6395	46389.146	90.297
4	6547	47455.222	28.823
4	6577	47713.021	54.665
4	6590	47762.677	16.177
4	6686	48528.515	174.198
4	6776	49096.313	47.672
4	6809	49274.055	20.569
4	6847	49468.148	77.908
4	7113	51242.886	257.454
4	7167	51677.282	239.356
4	7217	52041.005	110.788
4	7248	52342.675	49.196
4	7253	52389.379	95.9
4	7498	54129.372	14.251
4	7528	54223.485	67.795
4	7553	54439.551	171.096
4	7627	55032.251	5.475
4	7758	55923.571	241.03
4	7829	56622.081	158.03
4	7857	56825.088	41.597
4	7887	57043.633	30.674
5	10	55.163	0
5	24	162.214	1
5	32	279.401	0
5	42	306.745	1
5	61	468.61	2
5	69	524.982	3
5	88	643.836	4
5	92	670.862	5
5	109	814.636	6
5	130	987.522	7
5	156	1226.97	8
5	160	1249.481	9
5	222	1597.49	10
5	236	1716.105	11
5	244	1751.786	12
5	285	1907.919	13
5	303	2041.994	12
5	307	2044.033	13
5	314	2155.402	14
5	324	2279.458	15
5	334	2349.559	16
5	353	2495.818	17
5	366	2539.065	16
5	374	2574.233	17
5	384	2586.166	18
5	408	2727.545	19
5	430	3039.982	20
5	450	3137.013	21
5	467	3283.56	22
5	477	3397.488	23
5	483	3435.732	24
5	493	3496.736	25
5	507	3649.939	26
5	515	3728.161	25
5	519	3734.852	26
5	526	3781.631	27
5	530	3874.586	28
5	558	4071.653	29
5	564	4133.097	30
5	570	4180.055	29
5	589	4247.333	30
5	595	4383.891	31
5	627	4549.401	32
5	629	4556.876	33
5	637	4640.142	32
5	644	4671.563	33
5	662	4739.109	34
5	685	4850.396	35
5	696	4888.707	36
5	704	4946.993	37
5	732	5174.453	38
5	748	5258.157	39
5	764	5392.021	38
5	773	5448.826	39
5	780	5507.731	40
5	797	5706.767	41
5	807	5858.704	42
5	831	6053.783	43
5	841	6095.647	44
5	855	6213.215	45
5	863	6273.977	44
5	868	6319.455	45
5	870	6319.736	46
5	878	6369.264	47
5	903	6489.246	48
5	910	6526.034	49
5	940	6668.376	50
5	948	6761.83	51
5	960	6791.873	52
5	984	6922.959	53
5	986	6953.576	54
5	1003	7015.208	53
5	1007	7016.61	54
5	1011	7030.728	55
5	1043	7231.676	56
5	1051	7294.992	57
5	1063	7426.761	58
5	1069	7520.924	57
5	1080	7586.874	58
5	1089	7671.586	59
5	1099	7783.139	60
5	1105	7867.531	61
5	1123	8111.392	62
5	1129	8119.768	63
5	1150	8259.966	64
5	1154	8276.283	65
5	1197	8517.358	66
5	1204	8565.975	67
5	1210	8623.504	68
5	1232	8782.099	69
5	1247	8869.209	70
5	1260	9033.86	71
5	1266	9055.618	72
5	1285	9155.712	73
5	1291	9196.525	74
5	1303	9469.499	75
5	1311	9512.21	76
5	1329	9652.091	77
5	1333	9674.887	78
5	1343	9786.621	79
5	1355	9882.728	80
5	1376	10039.749	81
5	1380	10069.009	82
5	1408	10236.848	81
5	1416	10250.079	82
5	1424	10281.651	83
5	1432	10319.006	84
5	1442	10399.512	85
5	1446	10423.569	86
5	1462	10602.584	87
5	1474	10712.219	88
5	1476	10715.974	87
5	1487	10774.286	88
5	1490	10802.24	87
5	1495	10868.814	88
5	1503	10915.062	89
5	1520	11036.763	90
5	1526	11097.919	89
5	1530	11126.127	90
5	1535	11183.356	91
5	1554	11268.498	92
5	1560	11303.153	93
5	1574	11396.595	94
5	1585	11484.063	95
5	1652	12000.251	96
5	1656	12020.68	97
5	1691	12373.493	98
5	1720	12525.375	99
5	1732	12601.067	100
5	1736	12636.397	101
5	1753	12835.553	102
5	1771	12957.146	103
5	1773	13025.975	102
5	1777	13041.051	103
5	1784	13099.456	104
5	1798	13207.844	105
5	1823	13321.383	106
5	1846	13461.092	107
5	1852	13522.629	108
5	1864	13655.279	109
5	1870	13718.598	110
5	1893	13968.756	111
5	1895	13976.101	112
5	1916	14021.208	113
5	1948	14240.429	114
5	1953	14302.664	115
5	1955	14303.908	114
5	1962	14352.261	115
5	1979	14471.864	116
5	1987	14510.274	117
5	2020	14705.58	118
5	2048	14835.68	119
5	2060	14944.92	120
5	2077	15107.866	121
5	2093	15279.107	122
5	2109	15438.263	123
5	2129	15492.644	122
5	2133	15497.471	123
5	2135	15504.628	124
5	2156	15583.278	125
5	2163	15616.175	124
5	2167	15624.62	125
5	2170	15647.649	124
5	2175	15678.551	125
5	2181	15759.662	126
5	2191	15801.368	127
5	2195	15852.646	128
5	2217	15951.135	127
5	2223	15975.425	128
5	2228	15982.513	129
5	2238	16046.731	128
5	2242	16050.708	129
5	2250	16064.985	130
5	2259	16093.362	131
5	2267	16180.668	132
5	2300	16280.305	133
5	2324	16424.651	134
5	2343	16637.974	135
5	2349	16653.788	136
5	2361	16778.519	137
5	2367	16828.928	138
5	2375	16917.1	139
5	2395	17081.883	140
5	2404	17123.592	141
5	2408	17151.601	140
5	2412	17168.794	141
5	2427	17382.483	142
5	2436	17413.729	143
5	2466	17621.552	144
5	2479	17732.318	145
5	2505	17913.873	144
5	2509	17931.587	145
5	2514	18017.901	146
5	2530	18084.458	147
5	2539	18150.916	148
5	2547	18190.101	149
5	2568	18378.957	150
5	2574	18413.238	149
5	2578	18419.037	150
5	2588	18504.904	151
5	2606	18647.993	150
5	2610	18653.721	151
5	2628	18788.62	152
5	2644	18867.014	151
5	2656	18888.422	152
5	2673	19017.782	153
5	2679	19152.085	154
5	2693	19259.414	153
5	2729	19501.369	154
5	2733	19566.027	155
5	2737	19635.616	154
5	2743	19648.155	155
5	2766	19752.977	156
5	2785	19860.444	157
5	2789	19919.841	158
5	2795	19960.526	157
5	2804	20005.644	158
5	2808	20037.996	159
5	2830	20129.506	158
5	2834	20144.922	159
5	2851	20282.058	160
5	2879	20482.806	161
5	2900	20635.038	162
5	2902	20654.746	163
5	2916	20692.401	162
5	2920	20694.097	163
5	2935	20744.695	164
5	2945	20826.433	165
5	2955	20884.477	166
5	2981	21065.075	167
5	2995	21178.922	168
5	2997	21199.325	169
5	3007	21407.812	170
5	3017	21533.271	171
5	3047	21695.845	172
5	3053	21715.238	173
5	3070	21966.455	174
5	3086	22078.361	175
5	3096	22156.712	176
5	3123	22370.194	177
5	3138	22442.486	178
5	3152	22573.733	179
5	3164	22626.825	180
5	3168	22636.638	179
5	3177	22662.49	180
5	3186	22728.049	181
5	3200	22800.901	182
5	3202	22817.933	181
5	3215	22909.06	182
5	3248	23073.44	183
5	3254	23097.461	184
5	3278	23281.678	185
5	3299	23455.339	186
5	3310	23519.483	187
5	3320	23583.524	188
5	3332	23705.456	189
5	3351	23881.175	190
5	3361	23959.473	191
5	3376	24048.905	190
5	3380	24069.962	191
5	3403	24404.407	192
5	3413	24471.421	193
5	3426	24514.467	194
5	3447	24676.823	195
5	3457	24708.363	196
5	3495	25029.426	197
5	3503	25149.664	198
5	3532	25413.459	199
5	3544	25511.226	200
5	3550	25564.746	201
5	3569	25654.2	202
5	3621	26018.993	203
5	3631	26109.449	204
5	3641	26233.563	205
5	3653	26301.575	206
5	3655	26319.875	205
5	3659	26333.049	206
5	3668	26462.684	207
5	3689	26767.866	206
5	3693	26777.058	207
5	3695	26784.891	208
5	3697	26792.169	209
5	3725	26919.613	210
5	3754	27136.898	211
5	3756	27144.126	212
5	3774	27228.549	213
5	3802	27400.792	212
5	3806	27418.502	213
5	3822	27567.195	214
5	3836	27691.026	215
5	3847	27741.322	216
5	3863	27835.105	217
5	3869	27887.522	218
5	3882	28058.526	219
5	3912	28213.851	220
5	3922	28252.247	219
5	3926	28271.985	220
5	3931	28307.677	221
5	3937	28447.558	220
5	3942	28540.591	221
5	3946	28545.353	222
5	3948	28555.612	221
5	3953	28602.683	222
5	3959	28612.848	223
5	3961	28613.534	222
5	3972	28646.506	223
5	3981	28686.109	224
5	3999	28928.557	223
5	4003	28931.902	224
5	4005	28945.357	225
5	4010	28984.243	226
5	4025	29089.909	227
5	4047	29236.78	226
5	4061	29271.803	227
5	4069	29386.846	228
5	4073	29443.506	229
5	4094	29591.994	230
5	4102	29607.291	231
5	4128	29722.187	232
5	4143	29920.129	233
5	4166	30083.788	234
5	4176	30181.012	235
5	4205	30303.139	234
5	4209	30309.89	235
5	4215	30409.034	236
5	4223	30500.855	237
5	4235	30638.964	238
5	4239	30698.962	237
5	4243	30706.685	238
5	4250	30779.427	239
5	4256	30799.099	238
5	4260	30810.214	239
5	4269	30968.058	240
5	4279	31114.326	239
5	4288	31145.619	240
5	4292	31157.933	241
5	4312	31233.988	242
5	4322	31331.844	243
5	4357	31548.228	244
5	4361	31575.509	245
5	4380	31643.928	246
5	4394	31701.75	247
5	4398	31765.24	248
5	4414	31977.149	249
5	4424	32014.307	250
5	4426	32029.147	249
5	4431	32063.705	250
5	4435	32117.183	251
5	4456	32295.941	252
5	4478	32364.464	253
5	4492	32440.076	254
5	4522	32675.073	255
5	4531	32807.305	256
5	4543	32910.429	257
5	4551	32978.204	258
5	4559	33010.631	257
5	4565	33064.394	258
5	4580	33185.062	259
5	4590	33324.739	260
5	4602	33445.143	261
5	4614	33514.589	262
5	4625	33629.371	261
5	4630	33666.365	262
5	4632	33700.448	263
5	4644	33740.18	264
5	4652	33755	265
5	4660	33821.643	266
5	4674	33947.448	267
5	4684	34009.637	268
5	4704	34193.115	269
5	4711	34239.222	270
5	4724	34344.973	271
5	4734	34437.879	272
5	4738	34511.093	271
5	4747	34544.895	272
5	4757	34593.752	273
5	4765	34631.824	274
5	4767	34641.419	273
5	4772	34706.756	274
5	4793	34805.686	275
5	4817	34941.553	276
5	4821	34988.804	277
5	4835	35140.508	278
5	4841	35177.07	277
5	4845	35190.264	278
5	4894	35387.498	277
5	4898	35401.936	278
5	4902	35416.083	279
5	4907	35461.469	280
5	4944	35807.392	281
5	4946	35823.227	282
5	4969	35932.305	283
5	4973	36000.116	284
5	4983	36092.224	285
5	5006	36236.472	286
5	5010	36273.34	285
5	5014	36288.279	286
5	5018	36301.974	287
5	5029	36422.237	288
5	5041	36544.402	289
5	5054	36630.577	290
5	5064	36673.966	291
5	5078	36863.378	292
5	5096	36938.696	293
5	5110	37050.525	294
5	5122	37094.441	295
5	5137	37245.887	296
5	5154	37347.718	297
5	5162	37378.385	298
5	5164	37391.911	297
5	5175	37459.479	298
5	5204	37634.564	299
5	5210	37682.205	300
5	5226	37800.701	301
5	5236	37903.377	302
5	5242	37987.738	303
5	5252	38070.114	304
5	5260	38111.427	305
5	5283	38278.933	306
5	5291	38285.909	307
5	5303	38451.413	308
5	5315	38508.238	309
5	5334	38616.665	310
5	5336	38624.039	309
5	5344	38661.305	310
5	5371	38792.943	311
5	5401	38986.221	312
5	5412	39091.939	313
5	5420	39187.436	314
5	5452	39406.149	315
5	5456	39412.324	316
5	5464	39469.709	317
5	5476	39516.437	316
5	5490	39560.884	317
5	5517	39734.608	318
5	5537	39814.127	319
5	5549	39887.23	318
5	5554	39933.9	317
5	5558	39952.102	318
5	5560	39962.192	319
5	5563	39976.51	320
5	5571	40043.021	321
5	5590	40153.965	322
5	5605	40261.247	323
5	5615	40295.319	324
5	5629	40402.882	325
5	5637	40456.597	326
5	5647	40470.539	325
5	5651	40491.087	326
5	5654	40506.335	327
5	5658	40522.833	328
5	5688	40745.319	329
5	5698	40830.432	330
5	5717	40982.911	331
5	5729	41063.539	332
5	5740	41148.574	333
5	5750	41190.379	334
5	5765	41280.631	335
5	5784	41442.731	334
5	5788	41455.609	335
5	5809	41563.895	336
5	5819	41616.402	337
5	5834	41728.887	338
5	5842	41777.885	339
5	5857	41877.643	340
5	5885	41984.634	341
5	5897	42102.96	342
5	5906	42217.755	343
5	5920	42441.148	344
5	5932	42584.323	345
5	5942	42656.197	346
5	5957	42860.028	345
5	5961	42863.814	346
5	5963	42865.215	347
5	5972	42934.605	348
5	5995	43199.424	349
5	5999	43266.54	350
5	6011	43337.899	351
5	6021	43405.106	352
5	6037	43575.963	353
5	6046	43698.546	354
5	6072	43887.009	355
5	6097	44105.925	354
5	6101	44132.542	355
5	6112	44244.058	356
5	6120	44350.646	355
5	6124	44364.388	356
5	6131	44422.646	357
5	6135	44465.56	358
5	6152	44586.951	359
5	6186	44774.155	360
5	6217	45041.954	361
5	6220	45047.281	360
5	6226	45061.678	361
5	6235	45119.273	362
5	6245	45215.732	363
5	6249	45279.274	364
5	6286	45621.18	365
5	6294	45670.408	366
5	6307	45834.753	367
5	6317	45887.119	368
5	6336	45952.266	369
5	6350	46025.553	368
5	6354	46048.857	369
5	6359	46093.216	370
5	6361	46096.279	371
5	6375	46160.111	372
5	6387	46298.849	373
5	6395	46389.146	372
5	6403	46411.72	373
5	6413	46547.776	374
5	6415	46576.111	375
5	6433	46734.758	376
5	6435	46748.845	377
5	6458	46890.555	378
5	6478	47032.365	379
5	6497	47147.438	380
5	6514	47310.484	381
5	6520	47338.861	382
5	6541	47426.399	383
5	6547	47455.222	382
5	6551	47457.596	383
5	6567	47622.898	384
5	6571	47658.356	385
5	6577	47713.021	384
5	6586	47746.5	385
5	6590	47762.677	384
5	6594	47764.957	385
5	6596	47773.847	386
5	6616	48013.062	387
5	6628	48120.904	388
5	6632	48170.118	389
5	6660	48354.317	390
5	6686	48528.515	389
5	6692	48568.937	390
5	6709	48643.997	391
5	6719	48728.555	392
5	6734	48780.44	393
5	6758	48976.025	394
5	6766	49048.641	395
5	6776	49096.313	394
5	6780	49101.123	395
5	6782	49105.376	396
5	6805	49253.486	397
5	6809	49274.055	396
5	6825	49363.209	397
5	6829	49390.24	398
5	6847	49468.148	397
5	6859	49510.76	398
5	6874	49627.693	399
5	6882	49653.653	400
5	6892	49714.461	401
5	6916	49985.551	402
5	6937	50127.543	403
5	6945	50196.998	404
5	6959	50266.832	405
5	6983	50476.703	406
5	6991	50557.567	407
5	7017	50731.044	408
5	7037	50823.758	409
5	7065	50965.847	410
5	7071	50985.432	411
5	7113	51242.886	410
5	7117	51249.955	411
5	7128	51335.418	412
5	7131	51402.533	413
5	7141	51437.926	414
5	7167	51677.282	413
5	7175	51705.022	414
5	7181	51723.24	415
5	7206	51930.217	416
5	7217	52041.005	415
5	7221	52052.223	416
5	7228	52097.596	417
5	7238	52203.867	418
5	7244	52293.479	419
5	7248	52342.675	418
5	7253	52389.379	417
5	7257	52410.19	418
5	7259	52415.172	419
5	7282	52497.824	420
5	7292	52576.029	421
5	7328	52842.802	422
5	7346	53020.346	423
5	7363	53103.357	424
5	7376	53181.528	425
5	7400	53369.2	426
5	7406	53402.816	427
5	7432	53554.059	428
5	7438	53593.025	429
5	7461	53861.626	430
5	7491	54034.093	431
5	7496	54115.121	432
5	7498	54129.372	431
5	7510	54155.69	432
5	7528	54223.485	431
5	7534	54268.455	432
5	7553	54439.551	431
5	7560	54605.083	432
5	7571	54717.391	433
5	7579	54750.351	434
5	7597	54914.068	435
5	7601	54934.201	436
5	7623	55026.776	437
5	7627	55032.251	436
5	7645	55119.286	437
5	7647	55134.04	438
5	7684	55316.893	439
5	7709	55482.637	440
5	7733	55682.541	441
5	7758	55923.571	440
5	7762	55935.478	441
5	7784	56110.069	442
5	7801	56277.152	443
5	7814	56380.198	444
5	7822	56464.051	445
5	7829	56622.081	444
5	7844	56732.754	445
5	7855	56783.491	446
5	7857	56825.088	445
5	7868	56866.423	446
5	7879	57012.959	447
5	7887	57043.633	446
5	7897	57115.468	447
5	7909	57235.685	448
5	7917	57279.683	449
5	7929	57394.306	450
5	7937	57410.579	451
5	7954	57521.294	452
5	7964	57587.079	453
6	13	74.703	0
6	36	279.799	69.418
6	138	1137.98	187.935
6	164	1264.732	55.927
6	175	1302.248	26.664
6	192	1387.817	77.826
6	254	1809.738	51.257
6	328	2325.459	35.901
6	575	4205.863	158.816
6	689	4857.559	66.948
6	744	5229.679	7.508
6	769	5441.679	68.733
6	817	5984.616	86.257
6	882	6392.985	28.557
6	971	6871.245	8.944
6	1034	7195.717	118.124
6	1076	7578.252	39.282
6	1133	8160.48	4.121
6	1226	8767.618	42.747
6	1382	10091.952	87.721
6	1412	10248.076	23.392
6	1605	11681.938	129.877
6	1614	11714.8	16.755
6	1632	11850.377	130.106
6	1672	12164.289	25.715
6	1707	12472.734	278.144
6	1740	12677.507	129.231
6	1792	13206.282	1.353
6	1809	13269.653	48.587
6	1903	13987.675	4.786
6	1922	14114.959	45.324
6	1944	14236.529	61.488
6	1964	14362.681	112.421
6	2081	15175.953	38.282
6	2125	15490.869	19.045
6	2451	17559.164	55.201
6	2520	18060.472	26.162
6	2630	18801.662	286.809
6	2683	19208.092	236.885
6	2820	20095.845	33.865
6	2847	20273.779	101.598
6	2904	20674.572	66.939
6	3057	21760.021	181.818
6	3156	22607.288	45.453
6	3208	22855.014	92.586
6	3225	22945.407	8.538
6	3241	23035.546	37.121
6	3415	24478.982	56.708
6	3505	25173.815	344.613
6	3719	26909.987	98.173
6	3736	26988.35	53.538
6	3828	27669.801	15.124
6	4031	29143.016	127.692
6	4110	29645.781	41.838
6	4138	29865.228	34.238
6	4168	30153.215	71.808
6	4301	31180.885	8.495
6	4458	32302.394	36.413
6	4514	32665.098	45.479
6	4553	32982.037	140.883
6	4569	33103.43	10.703
6	4808	34899.643	127.964
6	4879	35317.787	60.89
6	5177	37481.131	39.586
6	5186	37525.802	4.689
6	5321	38516.579	59.381
6	5495	39584.299	89.035
6	5502	39634.019	138.755
6	5527	39753.867	76.661
6	5573	40046.491	8.578
6	5679	40714.964	20.249
6	5758	41233.391	8.665
6	5848	41836.294	80.495
6	5899	42125.129	24.735
6	5950	42751.335	128.594
6	6052	43762.861	96.201
6	6082	43970.679	105.825
6	6178	44753.689	55.18
6	6204	44975.413	39.814
6	6211	45014.103	78.504
6	6296	45752.813	134.043
6	6445	46809.522	13.475
6	6464	46908.729	56.545
6	6488	47107.412	50.474
6	6640	48194.568	92.118
6	6664	48431.129	163.684
6	6675	48475.838	9.69
6	6680	48510.208	44.06
6	6789	49139.503	27.94
6	6907	49902.648	130.047
6	6970	50408.781	83.872
6	7122	51314.984	259.642
6	7153	51613.612	119.051
6	7171	51684.557	62.291
6	7266	52437.33	143.634
6	7311	52694.65	93.688
6	7440	53687.797	142.705
6	7536	54270.548	82.143
6	7547	54409.361	220.956
6	7564	54642.802	25.33
6	7605	54986.176	118.522
6	7633	55036.937	26.315
6	7649	55140.686	72.96
6	7735	55721.267	151.176
6	7870	56874.178	21.753
7	13	74.703	0
7	28	210.381	1
7	36	279.799	0
7	40	298.513	1
7	59	453.911	2
7	63	498.941	3
7	80	595.82	4
7	96	751.323	5
7	120	914.685	6
7	124	950.045	7
7	138	1137.98	6
7	145	1161.628	7
7	152	1208.805	8
7	164	1264.732	7
7	168	1275.584	8
7	175	1302.248	7
7	179	1309.991	8
7	192	1387.817	7
7	196	1409.411	8
7	201	1423.205	9
7	214	1531.668	10
7	233	1676.04	11
7	248	1758.481	12
7	254	1809.738	11
7	258	1823.333	12
7	260	1830.166	13
7	312	2094.356	14
7	322	2268.844	15
7	326	2289.558	16
7	328	2325.459	15
7	337	2392.256	16
7	343	2445.486	17
7	386	2604.041	18
7	404	2719.497	19
7	415	2780.12	20
7	439	3084.047	21
7	456	3189.801	22
7	479	3423.674	23
7	489	3461.418	24
7	495	3501.806	25
7	509	3650.973	26
7	524	3763.803	27
7	534	3895.521	28
7	554	4047.047	29
7	575	4205.863	28
7	579	4208.031	29
7	586	4235.241	30
7	597	4388.781	31
7	618	4460.932	32
7	635	4635.257	33
7	673	4773.316	34
7	677	4790.611	35
7	689	4857.559	34
7	693	4878.621	35
7	698	4925.412	36
7	719	5073.709	37
7	725	5109.083	38
7	740	5222.171	39
7	744	5229.679	38
7	758	5345.285	39
7	762	5372.946	40
7	769	5441.679	39
7	784	5563.505	40
7	795	5665.292	41
7	809	5898.359	42
7	817	5984.616	41
7	825	6036.853	42
7	835	6072.035	43
7	839	6090.567	44
7	849	6162.607	45
7	872	6334.984	46
7	874	6364.428	47
7	882	6392.985	46
7	886	6393.439	47
7	890	6410.387	48
7	918	6545.499	49
7	934	6640.993	50
7	942	6692.256	51
7	963	6822.082	52
7	969	6862.301	53
7	971	6871.245	52
7	977	6884.261	53
7	997	6999.467	54
7	1014	7077.593	55
7	1034	7195.717	54
7	1038	7198.067	55
7	1045	7249.035	56
7	1055	7324.319	57
7	1073	7538.97	58
7	1076	7578.252	57
7	1082	7588.651	58
7	1084	7592.124	59
7	1101	7847.014	60
7	1107	7877.475	61
7	1121	8099.283	62
7	1131	8156.359	63
7	1133	8160.48	62
7	1137	8171.137	63
7	1142	8196.73	64
7	1179	8409.589	65
7	1185	8465.153	66
7	1200	8540.371	67
7	1212	8635.357	68
7	1220	8724.871	69
7	1226	8767.618	68
7	1235	8805.989	69
7	1243	8858.498	70
7	1262	9036.71	71
7	1270	9088.678	72
7	1274	9106.47	73
7	1293	9236.917	74
7	1307	9482.992	75
7	1319	9559.512	76
7	1325	9571.058	77
7	1335	9692.233	78
7	1349	9817.489	79
7	1362	9934.31	80
7	1372	10004.231	81
7	1382	10091.952	80
7	1386	10093.803	81
7	1398	10169.393	82
7	1404	10224.684	83
7	1412	10248.076	82
7	1418	10257.202	83
7	1434	10366.332	84
7	1444	10416.726	85
7	1454	10479.818	86
7	1460	10536.771	87
7	1466	10624.933	88
7	1497	10892.495	89
7	1518	11021.14	90
7	1543	11189.449	91
7	1550	11221.515	92
7	1562	11306.306	93
7	1572	11382.015	94
7	1589	11552.061	95
7	1605	11681.938	94
7	1609	11698.045	95
7	1614	11714.8	94
7	1618	11720.271	95
7	1632	11850.377	94
7	1640	11872.299	95
7	1650	11947.568	96
7	1662	12096.043	97
7	1666	12138.574	98
7	1672	12164.289	97
7	1680	12194.59	98
7	1707	12472.734	97
7	1713	12490.042	98
7	1718	12522.179	99
7	1726	12548.276	100
7	1740	12677.507	99
7	1745	12729.019	100
7	1749	12821.228	101
7	1755	12864.516	102
7	1763	12916.737	103
7	1786	13112.525	104
7	1790	13204.929	105
7	1792	13206.282	104
7	1800	13221.066	105
7	1809	13269.653	104
7	1813	13272.33	105
7	1833	13351.293	106
7	1842	13448.366	107
7	1848	13490.997	108
7	1866	13678.201	109
7	1872	13773.96	110
7	1891	13963.713	111
7	1899	13982.889	112
7	1903	13987.675	111
7	1907	13991.156	112
7	1918	14069.635	113
7	1922	14114.959	112
7	1926	14125.074	113
7	1931	14175.041	114
7	1944	14236.529	113
7	1950	14250.26	114
7	1964	14362.681	113
7	1968	14375.735	114
7	1973	14430.06	115
7	1983	14493.743	116
7	1989	14533.172	117
7	2004	14588.701	118
7	2050	14850.391	119
7	2054	14931.178	120
7	2071	15048.088	121
7	2079	15137.671	122
7	2081	15175.953	121
7	2097	15333.021	122
7	2107	15426.193	123
7	2115	15471.824	124
7	2125	15490.869	123
7	2137	15506.273	124
7	2159	15600.075	125
7	2161	15605.737	126
7	2189	15791.891	127
7	2201	15898.553	128
7	2234	16022.363	129
7	2246	16057.513	130
7	2261	16101.737	131
7	2279	16197.366	132
7	2287	16208.159	133
7	2320	16400.801	134
7	2335	16567.532	135
7	2345	16641.87	136
7	2355	16685.84	137
7	2371	16888.314	138
7	2381	16979.819	139
7	2387	17004.45	140
7	2406	17146.667	141
7	2429	17394.381	142
7	2442	17503.963	143
7	2451	17559.164	142
7	2457	17584.205	143
7	2464	17594.516	144
7	2476	17706.499	145
7	2516	18034.31	146
7	2520	18060.472	145
7	2524	18062.148	146
7	2533	18110.766	147
7	2543	18179.899	148
7	2545	18188	149
7	2564	18330.587	150
7	2590	18514.853	151
7	2630	18801.662	150
7	2639	18832.665	151
7	2641	18837.637	152
7	2671	18971.207	153
7	2683	19208.092	152
7	2703	19337.422	153
7	2713	19386.835	154
7	2741	19643.343	155
7	2763	19747.739	156
7	2782	19835.771	157
7	2802	19998.863	158
7	2810	20061.98	159
7	2820	20095.845	158
7	2826	20116.935	159
7	2837	20172.181	160
7	2847	20273.779	159
7	2855	20319.781	160
7	2890	20552.388	161
7	2896	20607.633	162
7	2904	20674.572	161
7	2908	20680.752	162
7	2931	20731.193	163
7	2933	20731.472	164
7	2949	20853.472	165
7	2953	20869.529	166
7	2983	21071.599	167
7	2991	21133.822	168
7	3001	21239.261	169
7	3013	21512.603	170
7	3019	21542.017	171
7	3033	21578.203	172
7	3057	21760.021	171
7	3062	21834.6	172
7	3066	21879.831	173
7	3072	21978.72	174
7	3080	22057.042	175
7	3101	22211.39	176
7	3129	22404.911	177
7	3144	22533.38	178
7	3150	22561.835	179
7	3156	22607.288	178
7	3160	22615.436	179
7	3173	22654.848	180
7	3184	22698.687	181
7	3192	22762.428	182
7	3208	22855.014	181
7	3217	22936.869	182
7	3225	22945.407	181
7	3229	22951.364	182
7	3237	22998.425	183
7	3241	23035.546	182
7	3245	23064.413	183
7	3252	23094.157	184
7	3262	23191.804	185
7	3293	23389.167	186
7	3318	23561.175	187
7	3328	23641.067	188
7	3334	23749.289	189
7	3347	23830.623	190
7	3369	23993.166	191
7	3392	24212.04	192
7	3407	24422.274	193
7	3415	24478.982	192
7	3419	24500.923	193
7	3421	24503.136	194
7	3441	24586.033	195
7	3459	24715.59	196
7	3472	24829.202	197
7	3505	25173.815	196
7	3515	25262.999	197
7	3517	25340.538	198
7	3527	25394.65	199
7	3540	25476.506	200
7	3560	25621.583	201
7	3573	25669.97	202
7	3597	25802.256	203
7	3635	26136.21	204
7	3639	26208.676	205
7	3647	26261.658	206
7	3670	26545.425	207
7	3687	26728.156	208
7	3708	26811.814	209
7	3719	26909.987	208
7	3723	26913.643	209
7	3727	26934.812	210
7	3736	26988.35	209
7	3744	27049.125	210
7	3746	27069.922	211
7	3760	27186.17	212
7	3797	27360.203	213
7	3826	27654.677	214
7	3828	27669.801	213
7	3832	27687.089	214
7	3843	27732.631	215
7	3851	27753.369	216
7	3861	27826.647	217
7	3871	27920.87	218
7	3884	28087.393	219
7	3910	28211.332	220
7	3918	28228.92	221
7	3935	28363.976	222
7	3974	28647.853	223
7	3983	28705.851	224
7	3995	28872.572	225
7	4014	29015.324	226
7	4031	29143.016	225
7	4036	29176.581	226
7	4042	29189.793	227
7	4063	29331.467	228
7	4079	29478.246	229
7	4090	29565.183	230
7	4100	29603.943	231
7	4110	29645.781	230
7	4114	29663.067	231
7	4116	29667.527	232
7	4134	29830.99	233
7	4138	29865.228	232
7	4145	29928.863	233
7	4164	30081.407	234
7	4168	30153.215	233
7	4172	30156.097	234
7	4194	30261.205	235
7	4219	30446.677	236
7	4229	30565.837	237
7	4245	30722.921	238
7	4252	30782.686	239
7	4271	30998.181	240
7	4294	31172.39	241
7	4301	31180.885	240
7	4305	31190.748	241
7	4307	31202.956	242
7	4324	31334.572	243
7	4355	31535.084	244
7	4373	31621.055	245
7	4378	31643.53	246
7	4386	31651.526	247
7	4396	31747.568	248
7	4412	31968.734	249
7	4418	32001.02	250
7	4433	32066.875	251
7	4454	32265.981	252
7	4458	32302.394	251
7	4464	32325.582	252
7	4482	32369.573	253
7	4484	32373.138	254
7	4505	32619.619	255
7	4514	32665.098	254
7	4520	32668.676	255
7	4524	32693.199	256
7	4541	32841.154	257
7	4553	32982.037	256
7	4557	32983.587	257
7	4567	33092.727	258
7	4569	33103.43	257
7	4573	33107.756	258
7	4577	33126.984	259
7	4586	33257.332	260
7	4604	33468.915	261
7	4621	33604.811	262
7	4623	33614.284	263
7	4640	33726.43	264
7	4658	33820.846	265
7	4662	33833.071	266
7	4676	33964.135	267
7	4688	34040.692	268
7	4690	34048.119	269
7	4706	34201.851	270
7	4728	34430.335	271
7	4742	34535.598	272
7	4751	34561.735	273
7	4763	34628.506	274
7	4788	34771.679	275
7	4808	34899.643	274
7	4812	34901.243	275
7	4815	34932.311	276
7	4827	35085.404	277
7	4829	35091.376	278
7	4871	35256.897	279
7	4879	35317.787	278
7	4892	35372.695	279
7	4905	35458.354	280
7	4938	35742.311	281
7	4950	35828.673	282
7	4971	35994.759	283
7	4975	36034.892	284
7	4985	36098.417	285
7	5000	36176.549	286
7	5021	36344.742	287
7	5035	36498.273	288
7	5049	36598.273	289
7	5060	36650.685	290
7	5072	36782.816	291
7	5074	36801.937	292
7	5103	36955.17	293
7	5112	37069.264	294
7	5126	37117.874	295
7	5141	37281.996	296
7	5156	37349.896	297
7	5169	37441.545	298
7	5177	37481.131	297
7	5184	37521.113	298
7	5186	37525.802	297
7	5194	37555.382	298
7	5200	37607.95	299
7	5218	37770.736	300
7	5222	37785.188	301
7	5232	37848.867	302
7	5246	38005.085	303
7	5250	38058.208	304
7	5266	38142.457	305
7	5281	38275.59	306
7	5289	38285.722	307
7	5299	38420.883	308
7	5307	38457.198	309
7	5321	38516.579	308
7	5326	38582.664	309
7	5353	38719.181	310
7	5390	38915.63	311
7	5403	38997.059	312
7	5418	39183.498	313
7	5435	39271.349	314
7	5445	39327.487	315
7	5460	39452.888	316
7	5470	39479.573	317
7	5474	39495.264	318
7	5495	39584.299	317
7	5502	39634.019	316
7	5507	39673.221	317
7	5509	39677.206	318
7	5527	39753.867	317
7	5531	39762.734	318
7	5535	39797.175	319
7	5545	39841.23	320
7	5569	40037.913	321
7	5573	40046.491	320
7	5577	40074.579	321
7	5586	40121.195	322
7	5607	40276.447	323
7	5611	40287.597	324
7	5625	40363.481	325
7	5635	40452.995	326
7	5643	40463.858	327
7	5662	40577.556	328
7	5675	40694.715	329
7	5679	40714.964	328
7	5690	40750.322	329
7	5696	40824.921	330
7	5711	40937.15	331
7	5732	41131.737	332
7	5744	41158.044	333
7	5752	41224.726	334
7	5758	41233.391	333
7	5762	41255.986	334
7	5771	41298.058	335
7	5797	41492.958	336
7	5811	41574.52	337
7	5821	41678.245	338
7	5838	41755.799	339
7	5848	41836.294	338
7	5852	41841.481	339
7	5855	41866.464	340
7	5883	41967.792	341
7	5895	42100.394	342
7	5899	42125.129	341
7	5903	42155.106	342
7	5914	42331.397	343
7	5918	42419.657	344
7	5930	42574.108	345
7	5936	42622.741	346
7	5950	42751.335	345
7	5955	42798.617	346
7	5968	42891.093	347
7	5974	42942.905	348
7	5987	43049.853	349
7	6005	43280.779	350
7	6013	43349.486	351
7	6017	43399.354	352
7	6027	43551.486	353
7	6044	43666.66	354
7	6052	43762.861	353
7	6056	43778.92	354
7	6069	43864.854	355
7	6082	43970.679	354
7	6095	44093.832	355
7	6110	44220.222	356
7	6118	44286.44	357
7	6148	44560.218	358
7	6150	44577.205	359
7	6169	44698.509	360
7	6178	44753.689	359
7	6184	44769.973	360
7	6202	44935.599	361
7	6204	44975.413	360
7	6211	45014.103	359
7	6215	45019.16	360
7	6224	45048.272	361
7	6231	45080.461	362
7	6247	45233.729	363
7	6251	45290.13	364
7	6284	45618.77	365
7	6296	45752.813	364
7	6300	45763.439	365
7	6303	45804.644	366
7	6309	45838.668	367
7	6327	45901.367	368
7	6338	45955.747	369
7	6346	45995.784	370
7	6363	46102.284	371
7	6371	46117.577	372
7	6381	46208.136	373
7	6409	46431.553	374
7	6419	46602.309	375
7	6425	46616.784	376
7	6441	46796.047	377
7	6445	46809.522	376
7	6450	46852.184	377
7	6464	46908.729	376
7	6470	46949.421	377
7	6472	46965.229	378
7	6484	47056.938	379
7	6488	47107.412	378
7	6492	47109.157	379
7	6508	47200.49	380
7	6516	47310.954	381
7	6522	47341.779	382
7	6545	47452.75	383
7	6558	47573.985	384
7	6575	47705.943	385
7	6599	47821.758	386
7	6613	47960.157	387
7	6626	48102.45	388
7	6640	48194.568	387
7	6645	48213.432	388
7	6652	48267.445	389
7	6664	48431.129	388
7	6668	48440.337	389
7	6670	48458.125	390
7	6673	48466.148	391
7	6675	48475.838	390
7	6680	48510.208	389
7	6684	48526.925	390
7	6702	48615.442	391
7	6717	48728.057	392
7	6741	48857.064	393
7	6760	48999.748	394
7	6764	49039.163	395
7	6784	49111.563	396
7	6789	49139.503	395
7	6793	49142.923	396
7	6813	49293.318	397
7	6827	49385.363	398
7	6878	49637.39	399
7	6886	49670.902	400
7	6896	49772.601	401
7	6907	49902.648	400
7	6912	49962.853	401
7	6929	50084.535	402
7	6935	50125.097	403
7	6949	50219.531	404
7	6964	50324.909	405
7	6970	50408.781	404
7	6974	50424.432	405
7	6981	50470.567	406
7	6987	50540.579	407
7	7004	50671.588	408
7	7045	50849.691	409
7	7063	50942.65	410
7	7077	51026.132	411
7	7079	51055.342	412
7	7122	51314.984	411
7	7126	51332.971	412
7	7137	51424.297	413
7	7143	51494.561	414
7	7153	51613.612	413
7	7157	51622.266	414
7	7171	51684.557	413
7	7177	51705.348	414
7	7183	51760.711	415
7	7198	51897.136	416
7	7224	52072.787	417
7	7232	52116.874	418
7	7246	52293.696	419
7	7266	52437.33	418
7	7274	52448.425	419
7	7286	52513.149	420
7	7300	52600.962	421
7	7311	52694.65	420
7	7324	52771.406	421
7	7332	52878.945	422
7	7349	53052.465	423
7	7366	53152.901	424
7	7383	53286.065	425
7	7398	53366.527	426
7	7426	53543.572	427
7	7428	53545.092	428
7	7440	53687.797	427
7	7444	53710.443	428
7	7453	53779.636	429
7	7459	53826.869	430
7	7474	53942.28	431
7	7518	54188.405	432
7	7536	54270.548	431
7	7547	54409.361	430
7	7558	54602.418	431
7	7562	54617.472	432
7	7564	54642.802	431
7	7569	54678.247	432
7	7575	54739.198	433
7	7581	54797.279	434
7	7593	54867.654	435
7	7605	54986.176	434
7	7613	55001.133	435
7	7617	55010.622	436
7	7633	55036.937	435
7	7637	55052.156	436
7	7641	55067.726	437
7	7649	55140.686	436
7	7658	55175.299	437
7	7665	55213.663	438
7	7682	55310.247	439
7	7717	55570.091	440
7	7735	55721.267	439
7	7739	55749.809	440
7	7744	55802.256	441
7	7786	56115.41	442
7	7795	56167.346	443
7	7816	56393	444
7	7840	56698.047	445
7	7865	56852.425	446
7	7870	56874.178	445
7	7875	56916.515	446
7	7877	57012.316	447
7	7903	57200.252	448
7	7919	57286.499	449
7	7921	57290.813	450
7	7933	57402.855	451
7	7943	57456.823	452
7	7962	57560.482	453
8	16	84.406	0
8	52	380.387	71.41
8	100	763.327	111.656
8	111	850.836	71.613
8	209	1485.238	43.059
8	218	1585.669	30.664
8	227	1652.133	4.565
8	271	1851.761	11.045
8	292	1968.849	54.636
8	347	2470.965	4.823
8	398	2698.375	161.475
8	432	3043.229	210.611
8	441	3094.285	13.785
8	566	4160.446	69.922
8	612	4451.375	40.836
8	650	4697.29	136.307
8	664	4741.589	27.571
8	710	5029.361	17.166
8	727	5112.803	37.352
8	751	5271.864	49.507
8	813	5970.494	41.814
8	1160	8311.517	98.396
8	1189	8495.834	121.864
8	1278	9123.246	9.514
8	1357	9890.742	28.203
8	1623	11798.951	8.4
8	1684	12342.97	225.525
8	1882	13899.085	20.666
8	2062	14946.634	3.686
8	2085	15187.321	121.974
8	2117	15477.357	76.726
8	2146	15566.782	80.445
8	2203	15907.875	73.359
8	2273	16194.655	74.305
8	2328	16522.465	112.312
8	2470	17684.415	94.235
8	2492	17782.166	2.652
8	2555	18271.899	58.534
8	2596	18522.381	27.443
8	2613	18687.389	192.451
8	2634	18826.4	76.209
8	2662	18921.419	53.065
8	2746	19671.201	118.734
8	2816	20090.033	52.695
8	2881	20490.491	29.879
8	2912	20690.055	2.164
8	2967	20940.811	4.657
8	3023	21550.146	89.306
8	3036	21589.61	13.52
8	3090	22144.674	72.411
8	3105	22301.588	6.505
8	3219	22938.986	170.299
8	3270	23210.011	12.083
8	3284	23320.124	122.196
8	3303	23472.16	9.009
8	3474	24835.469	135.351
8	3519	25367.118	334.549
8	3612	25956.905	276.912
8	3676	26628.335	42.129
8	3732	26962.556	3.451
8	3781	27292.021	72.754
8	3813	27508.189	214.757
8	3898	28131.487	3.904
8	4081	29499.161	100.039
8	4157	30043.705	31.814
8	4181	30192.067	35.104
8	4199	30289.115	80.987
8	4494	32483.707	96.443
8	4608	33508.224	84.102
8	4847	35193.186	27.428
8	4886	35326.444	32.329
8	4929	35607.321	109.198
8	5090	36931.852	16.792
8	5346	38668.238	152.176
8	5384	38898.324	89.147
8	5397	38967.756	47.373
8	5424	39228.148	30.008
8	5439	39298.114	43.094
8	5519	39735.425	32.723
8	5666	40586.173	125.249
8	5802	41527.299	162.865
8	5976	42959.781	53.465
8	6029	43559.596	110.253
8	6076	43961.863	6.626
8	6137	44479.274	89.847
8	6156	44616.025	106.004
8	6255	45377.52	185.79
8	6499	47164.312	159.7
8	6634	48171.836	20.067
8	6818	49313.817	122.409
8	6836	49425.479	88.688
8	6898	49872.624	197.478
8	6953	50246.737	40.486
8	7008	50687.712	119.726
8	7027	50763.695	11.084
8	7095	51097.578	124.092
8	7104	51180.828	48.561
8	7191	51813.022	51.112
8	7270	52437.661	10.319
8	7307	52678.058	91.293
8	7355	53091.434	134.801
8	7417	53467.625	67.739
8	7469	53890.29	22.168
8	7487	54032.65	60.449
8	7502	54130.966	18.308
8	7653	55155.364	119.31
8	7686	55317.706	35.376
8	7691	55359.951	77.621
8	7700	55448.705	47.461
8	7746	55810.829	291.492
8	7775	56028.713	39.681
8	7790	56130.91	6.351
8	7883	57027.869	10.835
9	16	84.406	0
9	20	95.916	1
9	46	308.977	2
9	52	380.387	1
9	57	421.631	2
9	78	585.109	3
9	84	626.65	4
9	90	651.671	5
9	100	763.327	4
9	104	779.223	5
9	111	850.836	4
9	116	884.64	5
9	122	942.466	6
9	126	959.087	7
9	150	1202.963	8
9	158	1246.507	9
9	205	1442.179	10
9	209	1485.238	9
9	216	1555.005	10
9	218	1585.669	9
9	225	1647.568	10
9	227	1652.133	9
9	231	1652.456	10
9	240	1732.893	11
9	250	1761.308	12
9	265	1840.716	13
9	271	1851.761	12
9	288	1914.213	13
9	292	1968.849	12
9	296	1986.523	13
9	298	1997.881	14
9	316	2178.194	15
9	332	2332.148	16
9	345	2466.142	17
9	347	2470.965	16
9	351	2477.17	17
9	360	2536.9	18
9	398	2698.375	17
9	402	2711.754	18
9	413	2774.089	19
9	419	2832.618	20
9	432	3043.229	19
9	437	3080.5	20
9	441	3094.285	19
9	445	3103.166	20
9	454	3186.785	21
9	469	3309.167	22
9	481	3427.44	23
9	487	3457.461	24
9	499	3562.923	25
9	505	3636.075	26
9	513	3680.425	27
9	538	3905.49	28
9	562	4090.524	29
9	566	4160.446	28
9	582	4211.99	29
9	593	4291.098	30
9	599	4410.539	31
9	612	4451.375	30
9	616	4453.218	31
9	620	4470.605	32
9	631	4560.983	33
9	650	4697.29	32
9	654	4714.018	33
9	664	4741.589	32
9	668	4743.76	33
9	670	4747.097	34
9	683	4847.563	35
9	702	4933.602	36
9	708	5012.195	37
9	710	5029.361	36
9	717	5068.805	37
9	721	5075.451	38
9	727	5112.803	37
9	734	5181.216	38
9	742	5222.357	39
9	751	5271.864	38
9	760	5359.65	39
9	778	5495.585	40
9	799	5713.702	41
9	811	5928.68	42
9	813	5970.494	41
9	822	6008.839	42
9	829	6043.214	43
9	837	6076.246	44
9	847	6154.187	45
9	861	6258.358	46
9	876	6367.607	47
9	901	6487.215	48
9	908	6513.091	49
9	936	6644.99	50
9	944	6722.42	51
9	965	6847.2	52
9	975	6876.932	53
9	994	6984.102	54
9	1016	7079.529	55
9	1047	7274.228	56
9	1053	7324.123	57
9	1067	7504.589	58
9	1091	7726.798	59
9	1097	7782.462	60
9	1109	7892.654	61
9	1115	7998.34	62
9	1125	8112.544	63
9	1146	8213.121	64
9	1160	8311.517	63
9	1170	8356.234	64
9	1177	8373.97	65
9	1189	8495.834	64
9	1193	8505.027	65
9	1195	8511.832	66
9	1208	8588.922	67
9	1218	8723.929	68
9	1222	8730.167	69
9	1245	8864.027	70
9	1254	8961.784	71
9	1268	9083.247	72
9	1276	9113.732	73
9	1278	9123.246	72
9	1282	9150.283	73
9	1297	9293.754	74
9	1305	9481.522	75
9	1315	9547.897	76
9	1323	9570.668	77
9	1331	9670.032	78
9	1345	9800.72	79
9	1351	9862.539	80
9	1357	9890.742	79
9	1364	9938.002	80
9	1374	10012.8	81
9	1378	10049.531	82
9	1420	10266.528	83
9	1430	10307.921	84
9	1440	10397.053	85
9	1450	10464.817	86
9	1458	10519	87
9	1470	10672.798	88
9	1499	10894.401	89
9	1522	11039.341	90
9	1524	11090.7	91
9	1556	11280.324	92
9	1566	11319.503	93
9	1568	11328.47	94
9	1621	11790.551	95
9	1623	11798.951	94
9	1627	11812.356	95
9	1629	11820.306	96
9	1660	12094.007	97
9	1664	12117.445	98
9	1684	12342.97	97
9	1688	12347.933	98
9	1695	12429.329	99
9	1734	12618.58	100
9	1747	12811.018	101
9	1759	12914.512	102
9	1769	12953.443	103
9	1782	13086.638	104
9	1802	13231.409	105
9	1836	13385.858	106
9	1844	13450.707	107
9	1854	13549.36	108
9	1862	13611.263	109
9	1876	13869.333	110
9	1878	13878.419	111
9	1882	13899.085	110
9	1886	13924.918	111
9	1897	13977.884	112
9	1911	14006.946	113
9	1933	14186.388	114
9	1975	14439.128	115
9	1981	14477.725	116
9	1997	14541.72	117
9	2028	14728.289	118
9	2035	14795.671	119
9	2058	14942.948	120
9	2062	14946.634	119
9	2066	14950.612	120
9	2075	15065.347	121
9	2085	15187.321	120
9	2091	15233.965	121
9	2095	15310.5	122
9	2105	15400.631	123
9	2117	15477.357	122
9	2121	15483.342	123
9	2123	15486.337	124
9	2146	15566.782	123
9	2150	15568.378	124
9	2154	15581.001	125
9	2179	15754.578	126
9	2193	15834.516	127
9	2203	15907.875	126
9	2211	15919.784	127
9	2221	15968.615	128
9	2232	15996.454	129
9	2236	16037.332	130
9	2252	16069.655	131
9	2263	16120.35	132
9	2273	16194.655	131
9	2281	16198.547	132
9	2297	16245.469	133
9	2322	16410.153	134
9	2328	16522.465	133
9	2332	16540.799	134
9	2337	16570.94	135
9	2347	16644.894	136
9	2359	16712.475	137
9	2369	16842.469	138
9	2383	16991.17	139
9	2397	17086.091	140
9	2417	17238.187	141
9	2433	17399.939	142
9	2440	17496.499	143
9	2462	17590.18	144
9	2470	17684.415	143
9	2474	17684.966	144
9	2488	17779.514	145
9	2492	17782.166	144
9	2496	17791.113	145
9	2501	17834.524	146
9	2518	18048.878	147
9	2535	18116.361	148
9	2553	18213.365	149
9	2555	18271.899	148
9	2560	18312.606	149
9	2566	18370.412	150
9	2586	18494.938	151
9	2596	18522.381	150
9	2613	18687.389	149
9	2617	18698.156	150
9	2622	18730.775	151
9	2626	18750.191	152
9	2634	18826.4	151
9	2648	18868.354	152
9	2662	18921.419	151
9	2667	18963.132	152
9	2677	19096.095	153
9	2725	19458.6	154
9	2731	19552.467	155
9	2746	19671.201	154
9	2750	19677.655	155
9	2768	19753.808	156
9	2780	19822.852	157
9	2800	19996.589	158
9	2806	20037.338	159
9	2816	20090.033	158
9	2824	20111.672	159
9	2839	20192.593	160
9	2874	20460.612	161
9	2881	20490.491	160
9	2885	20494.771	161
9	2892	20564.352	162
9	2910	20687.891	163
9	2912	20690.055	162
9	2925	20712.118	163
9	2937	20750.612	164
9	2951	20858.681	165
9	2963	20936.154	166
9	2967	20940.811	165
9	2975	21004.932	166
9	2977	21008.23	167
9	2993	21162.368	168
9	3005	21368.329	169
9	3011	21460.84	170
9	3023	21550.146	169
9	3027	21572.702	170
9	3031	21576.09	171
9	3036	21589.61	170
9	3040	21593.132	171
9	3045	21679.766	172
9	3055	21750.46	173
9	3068	21949.415	174
9	3084	22072.263	175
9	3090	22144.674	174
9	3094	22155.996	175
9	3103	22295.083	176
9	3105	22301.588	175
9	3116	22338.896	176
9	3131	22411.354	177
9	3142	22513.036	178
9	3146	22550.496	179
9	3175	22658.853	180
9	3188	22737.084	181
9	3194	22768.687	182
9	3219	22938.986	181
9	3233	22996.008	182
9	3250	23080.549	183
9	3258	23143.556	184
9	3264	23197.928	185
9	3270	23210.011	184
9	3284	23320.124	183
9	3288	23321.078	184
9	3291	23351.307	185
9	3301	23463.151	186
9	3303	23472.16	185
9	3307	23497.024	186
9	3312	23525.952	187
9	3322	23600.751	188
9	3342	23809.825	189
9	3353	23890.922	190
9	3359	23958.426	191
9	3382	24071.114	192
9	3405	24410.016	193
9	3437	24566.945	194
9	3439	24577.218	195
9	3455	24700.118	196
9	3474	24835.469	195
9	3486	24893.964	196
9	3491	24956.139	197
9	3497	25032.569	198
9	3519	25367.118	197
9	3523	25380.089	198
9	3530	25402.217	199
9	3538	25445.653	200
9	3552	25569.9	201
9	3565	25645.125	202
9	3575	25679.993	203
9	3612	25956.905	202
9	3625	26062.163	203
9	3633	26115.269	204
9	3643	26234.668	205
9	3649	26268.053	206
9	3672	26586.206	207
9	3676	26628.335	206
9	3681	26661.109	207
9	3685	26727.244	208
9	3699	26795.715	209
9	3730	26959.105	210
9	3732	26962.556	209
9	3742	27018.734	210
9	3752	27104.434	211
9	3762	27203.406	212
9	3772	27219.267	213
9	3781	27292.021	212
9	3785	27293.432	213
9	3813	27508.189	212
9	3817	27519.415	213
9	3824	27597.017	214
9	3839	27719.261	215
9	3853	27764.655	216
9	3859	27805.904	217
9	3873	27927.62	218
9	3896	28127.583	219
9	3898	28131.487	218
9	3902	28135.109	219
9	3904	28146.36	220
9	3928	28278.188	221
9	3955	28604.831	222
9	3957	28605.75	223
9	3987	28785.43	224
9	3997	28878.685	225
9	4020	29017.52	226
9	4029	29140.466	227
9	4071	29399.122	228
9	4081	29499.161	227
9	4085	29500.512	228
9	4087	29528.156	229
9	4098	29596.186	230
9	4104	29610.606	231
9	4125	29696.862	232
9	4147	29938.368	233
9	4151	30011.891	234
9	4157	30043.705	233
9	4161	30052.907	234
9	4174	30156.963	235
9	4181	30192.067	234
9	4187	30208.128	235
9	4199	30289.115	234
9	4203	30293.876	235
9	4217	30428.796	236
9	4227	30541.075	237
9	4237	30664.113	238
9	4265	30863.353	239
9	4267	30944.349	240
9	4299	31177.629	241
9	4314	31242.563	242
9	4318	31283.553	243
9	4334	31401.29	244
9	4359	31564.059	245
9	4382	31644.763	246
9	4390	31688.802	247
9	4400	31782.982	248
9	4406	31932.793	249
9	4420	32007.303	250
9	4448	32225.06	251
9	4462	32322.408	252
9	4473	32345.231	253
9	4486	32387.264	254
9	4494	32483.707	253
9	4499	32530.435	254
9	4501	32552.18	255
9	4527	32713.541	256
9	4537	32826.795	257
9	4547	32944.137	258
9	4575	33108.194	259
9	4594	33396.719	260
9	4598	33424.122	261
9	4608	33508.224	260
9	4612	33510.946	261
9	4619	33571.108	262
9	4634	33719.504	263
9	4648	33741.119	264
9	4654	33759.183	265
9	4668	33903.56	266
9	4672	33941.758	267
9	4680	33988.693	268
9	4694	34094.722	269
9	4721	34301.782	270
9	4732	34437.691	271
9	4745	34541.103	272
9	4755	34583.921	273
9	4776	34707.712	274
9	4784	34769.227	275
9	4797	34821.895	276
9	4825	35012.493	277
9	4833	35121.057	278
9	4839	35165.758	279
9	4847	35193.186	278
9	4877	35294.115	279
9	4886	35326.444	278
9	4900	35411.132	279
9	4909	35498.123	280
9	4929	35607.321	279
9	4934	35668.01	280
9	4936	35701.647	281
9	4954	35850.523	282
9	4964	35889.788	283
9	4981	36072.518	284
9	4989	36106.396	285
9	5004	36234.336	286
9	5016	36295.808	287
9	5027	36410.988	288
9	5037	36536.036	289
9	5062	36658.44	290
9	5066	36685.728	291
9	5082	36915.06	292
9	5090	36931.852	291
9	5094	36936.976	292
9	5106	36986.519	293
9	5108	37009.705	294
9	5118	37090.379	295
9	5135	37185.197	296
9	5151	37308.011	297
9	5181	37492.895	298
9	5208	37674.899	299
9	5212	37701.401	300
9	5224	37791.902	301
9	5238	37931.066	302
9	5240	37935.185	303
9	5254	38070.982	304
9	5262	38115.611	305
9	5277	38214.304	306
9	5295	38358.316	307
9	5305	38454.115	308
9	5309	38472.458	309
9	5319	38516.062	310
9	5346	38668.238	309
9	5350	38695.701	310
9	5379	38809.177	311
9	5384	38898.324	310
9	5388	38911.75	311
9	5392	38920.383	312
9	5397	38967.756	311
9	5406	39048.818	312
9	5416	39141.877	313
9	5422	39198.14	314
9	5424	39228.148	313
9	5430	39255.02	314
9	5439	39298.114	313
9	5443	39318.658	314
9	5448	39381.801	315
9	5454	39407.356	316
9	5466	39475.951	317
9	5513	39702.702	318
9	5519	39735.425	317
9	5523	39740.847	318
9	5541	39817.303	319
9	5547	39874.973	320
9	5567	40011.694	321
9	5592	40167.698	322
9	5601	40227.726	323
9	5617	40311.26	324
9	5627	40370.376	325
9	5639	40457.148	326
9	5641	40460.924	327
9	5666	40586.173	326
9	5670	40601.349	327
9	5673	40625.742	328
9	5677	40701.715	329
9	5692	40758.754	330
9	5713	40948.277	331
9	5719	41000.613	332
9	5736	41143.605	333
9	5754	41229.973	334
9	5769	41291.501	335
9	5781	41364.434	336
9	5802	41527.299	335
9	5807	41558.996	336
9	5817	41608.694	337
9	5836	41740.339	338
9	5846	41832.011	339
9	5875	41941.973	340
9	5879	41953.613	341
9	5893	42080.469	342
9	5912	42243.86	343
9	5924	42465.882	344
9	5934	42584.928	345
9	5938	42638.223	346
9	5948	42730.148	347
9	5970	42906.316	348
9	5976	42959.781	347
9	5982	42971.516	348
9	5993	43184.405	349
9	6003	43274.23	350
9	6007	43286.991	351
9	6023	43449.343	352
9	6029	43559.596	351
9	6033	43569.059	352
9	6039	43579.175	353
9	6048	43707.269	354
9	6074	43955.237	355
9	6076	43961.863	354
9	6080	43965.043	355
9	6114	44253.182	356
9	6127	44389.427	357
9	6137	44479.274	356
9	6141	44497.248	357
9	6146	44510.021	358
9	6156	44616.025	357
9	6160	44622.726	358
9	6162	44640.156	359
9	6176	44750.017	360
9	6200	44925.166	361
9	6228	45070.072	362
9	6243	45191.73	363
9	6255	45377.52	362
9	6263	45400.917	363
9	6276	45446.73	364
9	6282	45562.288	365
9	6305	45819.937	366
9	6311	45841.25	367
9	6319	45892.465	368
9	6342	45990.402	369
9	6344	45992.166	370
9	6369	46114.903	371
9	6377	46172.336	372
9	6385	46293.696	373
9	6393	46385.579	374
9	6421	46602.644	375
9	6431	46676.94	376
9	6443	46808.538	377
9	6456	46880.941	378
9	6476	47004.612	379
9	6499	47164.312	378
9	6503	47190.989	379
9	6506	47199.848	380
9	6518	47326.101	381
9	6528	47383.397	382
9	6539	47425.79	383
9	6556	47508.434	384
9	6573	47670.985	385
9	6601	47859.804	386
9	6620	48044.367	387
9	6630	48151.769	388
9	6634	48171.836	387
9	6638	48179.728	388
9	6654	48309.237	389
9	6658	48325.626	390
9	6706	48631.651	391
9	6722	48747.895	392
9	6743	48859.345	393
9	6747	48902.566	394
9	6768	49070.829	395
9	6772	49092.06	396
9	6802	49191.408	397
9	6818	49313.817	396
9	6822	49336.791	397
9	6836	49425.479	396
9	6840	49429.822	397
9	6857	49504.247	398
9	6872	49621.366	399
9	6888	49675.146	400
9	6898	49872.624	399
9	6902	49873.031	400
9	6904	49898.646	401
9	6920	50004.083	402
9	6939	50161.699	403
9	6947	50206.251	404
9	6953	50246.737	403
9	6957	50249.545	404
9	6966	50325.204	405
9	6979	50470.477	406
9	6993	50567.986	407
9	7008	50687.712	406
9	7012	50717.439	407
9	7025	50752.611	408
9	7027	50763.695	407
9	7032	50779.811	408
9	7043	50841.404	409
9	7067	50971.45	410
9	7069	50973.486	411
9	7095	51097.578	410
9	7102	51132.267	411
9	7104	51180.828	410
9	7108	51188.247	411
9	7111	51211.383	412
9	7139	51435.981	413
9	7149	51552.778	414
9	7185	51761.91	415
9	7191	51813.022	414
9	7196	51885.917	415
9	7210	51942.354	416
9	7226	52090.342	417
9	7230	52114.393	418
9	7242	52292.054	419
9	7264	52427.342	420
9	7270	52437.661	419
9	7284	52508.705	420
9	7294	52586.765	421
9	7307	52678.058	420
9	7316	52711.573	421
9	7334	52895.508	422
9	7336	52956.633	423
9	7355	53091.434	422
9	7359	53097.897	423
9	7372	53180.872	424
9	7381	53256.147	425
9	7395	53339.708	426
9	7404	53399.886	427
9	7417	53467.625	426
9	7421	53484.616	427
9	7436	53578.311	428
9	7449	53741.101	429
9	7455	53808.043	430
9	7465	53868.122	431
9	7469	53890.29	430
9	7482	53972.201	431
9	7487	54032.65	430
9	7494	54112.658	431
9	7502	54130.966	430
9	7506	54132.14	431
9	7516	54183.782	432
9	7526	54221.486	433
9	7583	54809.213	434
9	7591	54849.176	435
9	7603	54952.372	436
9	7631	55036.054	437
9	7653	55155.364	436
9	7661	55189.756	437
9	7671	55252.427	438
9	7678	55282.33	439
9	7686	55317.706	438
9	7691	55359.951	437
9	7696	55401.244	438
9	7700	55448.705	437
9	7704	55466.771	438
9	7707	55482.573	439
9	7711	55519.337	440
9	7746	55810.829	439
9	7755	55848.633	440
9	7767	55973.323	441
9	7771	55989.032	442
9	7775	56028.713	441
9	7782	56096.311	442
9	7788	56124.559	443
9	7790	56130.91	442
9	7799	56210.639	443
9	7812	56353.109	444
9	7838	56681.183	445
9	7861	56833.641	446
9	7881	57017.034	447
9	7883	57027.869	446
9	7891	57053.755	447
9	7907	57217.183	448
9	7911	57244.783	449
9	7923	57298.848	450
9	7939	57426.661	451
9	7941	57436.781	452
9	7960	57557.912	453
10	32	279.401	224.238
10	303	2041.994	1762.593
10	366	2539.065	497.071
10	515	3728.161	1189.096
10	570	4180.055	451.894
10	637	4640.142	460.087
10	764	5392.021	751.879
10	863	6273.977	881.956
10	1003	7015.208	741.231
10	1069	7520.924	505.716
10	1408	10236.848	2715.924
10	1476	10715.974	479.126
10	1490	10802.24	86.266
10	1526	11097.919	295.679
10	1773	13025.975	1928.056
10	1955	14303.908	1277.933
10	2129	15492.644	1188.736
10	2163	15616.175	123.531
10	2170	15647.649	31.474
10	2217	15951.135	303.486
10	2238	16046.731	95.596
10	2408	17151.601	1104.87
10	2505	17913.873	762.272
10	2574	18413.238	499.365
10	2606	18647.993	234.755
10	2644	18867.014	219.021
10	2693	19259.414	392.4
10	2737	19635.616	376.202
10	2795	19960.526	324.91
10	2830	20129.506	168.98
10	2916	20692.401	562.895
10	3168	22636.638	1944.237
10	3202	22817.933	181.295
10	3376	24048.905	1230.972
10	3655	26319.875	2270.97
10	3689	26767.866	447.991
10	3802	27400.792	632.926
10	3922	28252.247	851.455
10	3937	28447.558	195.311
10	3948	28555.612	108.054
10	3961	28613.534	57.922
10	3999	28928.557	315.023
10	4047	29236.78	308.223
10	4205	30303.139	1066.359
10	4239	30698.962	395.823
10	4256	30799.099	100.137
10	4279	31114.326	315.227
10	4426	32029.147	914.821
10	4559	33010.631	981.484
10	4625	33629.371	618.74
10	4738	34511.093	881.722
10	4767	34641.419	130.326
10	4841	35177.07	535.651
10	4894	35387.498	210.428
10	5010	36273.34	885.842
10	5164	37391.911	1118.571
10	5336	38624.039	1232.128
10	5476	39516.437	892.398
10	5549	39887.23	370.793
10	5554	39933.9	46.67
10	5647	40470.539	536.639
10	5784	41442.731	972.192
10	5957	42860.028	1417.297
10	6097	44105.925	1245.897
10	6120	44350.646	244.721
10	6220	45047.281	696.635
10	6350	46025.553	978.272
10	6395	46389.146	363.593
10	6547	47455.222	1066.076
10	6577	47713.021	257.799
10	6590	47762.677	49.656
10	6686	48528.515	765.838
10	6776	49096.313	567.798
10	6809	49274.055	177.742
10	6847	49468.148	194.093
10	7113	51242.886	1774.738
10	7167	51677.282	434.396
10	7217	52041.005	363.723
10	7248	52342.675	301.67
10	7253	52389.379	46.704
10	7498	54129.372	1739.993
10	7528	54223.485	94.113
10	7553	54439.551	216.066
10	7627	55032.251	592.7
10	7758	55923.571	891.32
10	7829	56622.081	698.51
10	7857	56825.088	203.007
10	7887	57043.633	218.545
11	36	279.799	205.096
11	138	1137.98	858.181
11	164	1264.732	126.752
11	175	1302.248	37.516
11	192	1387.817	85.569
11	254	1809.738	421.921
11	328	2325.459	515.721
11	575	4205.863	1880.404
11	689	4857.559	651.696
11	744	5229.679	372.12
11	769	5441.679	212
11	817	5984.616	542.937
11	882	6392.985	408.369
11	971	6871.245	478.26
11	1034	7195.717	324.472
11	1076	7578.252	382.535
11	1133	8160.48	582.228
11	1226	8767.618	607.138
11	1382	10091.952	1324.334
11	1412	10248.076	156.124
11	1605	11681.938	1433.862
11	1614	11714.8	32.862
11	1632	11850.377	135.577
11	1672	12164.289	313.912
11	1707	12472.734	308.445
11	1740	12677.507	204.773
11	1792	13206.282	528.775
11	1809	13269.653	63.371
11	1903	13987.675	718.022
11	1922	14114.959	127.284
11	1944	14236.529	121.57
11	1964	14362.681	126.152
11	2081	15175.953	813.272
11	2125	15490.869	314.916
11	2451	17559.164	2068.295
11	2520	18060.472	501.308
11	2630	18801.662	741.19
11	2683	19208.092	406.43
11	2820	20095.845	887.753
11	2847	20273.779	177.934
11	2904	20674.572	400.793
11	3057	21760.021	1085.449
11	3156	22607.288	847.267
11	3208	22855.014	247.726
11	3225	22945.407	90.393
11	3241	23035.546	90.139
11	3415	24478.982	1443.436
11	3505	25173.815	694.833
11	3719	26909.987	1736.172
11	3736	26988.35	78.363
11	3828	27669.801	681.451
11	4031	29143.016	1473.215
11	4110	29645.781	502.765
11	4138	29865.228	219.447
11	4168	30153.215	287.987
11	4301	31180.885	1027.67
11	4458	32302.394	1121.509
11	4514	32665.098	362.704
11	4553	32982.037	316.939
11	4569	33103.43	121.393
11	4808	34899.643	1796.213
11	4879	35317.787	418.144
11	5177	37481.131	2163.344
11	5186	37525.802	44.671
11	5321	38516.579	990.777
11	5495	39584.299	1067.72
11	5502	39634.019	49.72
11	5527	39753.867	119.848
11	5573	40046.491	292.624
11	5679	40714.964	668.473
11	5758	41233.391	518.427
11	5848	41836.294	602.903
11	5899	42125.129	288.835
11	5950	42751.335	626.206
11	6052	43762.861	1011.526
11	6082	43970.679	207.818
11	6178	44753.689	783.01
11	6204	44975.413	221.724
11	6211	45014.103	38.69
11	6296	45752.813	738.71
11	6445	46809.522	1056.709
11	6464	46908.729	99.207
11	6488	47107.412	198.683
11	6640	48194.568	1087.156
11	6664	48431.129	236.561
11	6675	48475.838	44.709
11	6680	48510.208	34.37
11	6789	49139.503	629.295
11	6907	49902.648	763.145
11	6970	50408.781	506.133
11	7122	51314.984	906.203
11	7153	51613.612	298.628
11	7171	51684.557	70.945
11	7266	52437.33	752.773
11	7311	52694.65	257.32
11	7440	53687.797	993.147
11	7536	54270.548	582.751
11	7547	54409.361	138.813
11	7564	54642.802	233.441
11	7605	54986.176	343.374
11	7633	55036.937	50.761
11	7649	55140.686	103.749
11	7735	55721.267	580.581
11	7870	56874.178	1152.911
12	52	380.387	295.981
12	100	763.327	382.94
12	111	850.836	87.509
12	209	1485.238	634.402
12	218	1585.669	100.431
12	227	1652.133	66.464
12	271	1851.761	199.628
12	292	1968.849	117.088
12	347	2470.965	502.116
12	398	2698.375	227.41
12	432	3043.229	344.854
12	441	3094.285	51.056
12	566	4160.446	1066.161
12	612	4451.375	290.929
12	650	4697.29	245.915
12	664	4741.589	44.299
12	710	5029.361	287.772
12	727	5112.803	83.442
12	751	5271.864	159.061
12	813	5970.494	698.63
12	1160	8311.517	2341.023
12	1189	8495.834	184.317
12	1278	9123.246	627.412
12	1357	9890.742	767.496
12	1623	11798.951	1908.209
12	1684	12342.97	544.019
12	1882	13899.085	1556.115
12	2062	14946.634	1047.549
12	2085	15187.321	240.687
12	2117	15477.357	290.036
12	2146	15566.782	89.425
12	2203	15907.875	341.093
12	2273	16194.655	286.78
12	2328	16522.465	327.81
12	2470	17684.415	1161.95
12	2492	17782.166	97.751
12	2555	18271.899	489.733
12	2596	18522.381	250.482
12	2613	18687.389	165.008
12	2634	18826.4	139.011
12	2662	18921.419	95.019
12	2746	19671.201	749.782
12	2816	20090.033	418.832
12	2881	20490.491	400.458
12	2912	20690.055	199.564
12	2967	20940.811	250.756
12	3023	21550.146	609.335
12	3036	21589.61	39.464
12	3090	22144.674	555.064
12	3105	22301.588	156.914
12	3219	22938.986	637.398
12	3270	23210.011	271.025
12	3284	23320.124	110.113
12	3303	23472.16	152.036
12	3474	24835.469	1363.309
12	3519	25367.118	531.649
12	3612	25956.905	589.787
12	3676	26628.335	671.43
12	3732	26962.556	334.221
12	3781	27292.021	329.465
12	3813	27508.189	216.168
12	3898	28131.487	623.298
12	4081	29499.161	1367.674
12	4157	30043.705	544.544
12	4181	30192.067	148.362
12	4199	30289.115	97.048
12	4494	32483.707	2194.592
12	4608	33508.224	1024.517
12	4847	35193.186	1684.962
12	4886	35326.444	133.258
12	4929	35607.321	280.877
12	5090	36931.852	1324.531
12	5346	38668.238	1736.386
12	5384	38898.324	230.086
12	5397	38967.756	69.432
12	5424	39228.148	260.392
12	5439	39298.114	69.966
12	5519	39735.425	437.311
12	5666	40586.173	850.748
12	5802	41527.299	941.126
12	5976	42959.781	1432.482
12	6029	43559.596	599.815
12	6076	43961.863	402.267
12	6137	44479.274	517.411
12	6156	44616.025	136.751
12	6255	45377.52	761.495
12	6499	47164.312	1786.792
12	6634	48171.836	1007.524
12	6818	49313.817	1141.981
12	6836	49425.479	111.662
12	6898	49872.624	447.145
12	6953	50246.737	374.113
12	7008	50687.712	440.975
12	7027	50763.695	75.983
12	7095	51097.578	333.883
12	7104	51180.828	83.25
12	7191	51813.022	632.194
12	7270	52437.661	624.639
12	7307	52678.058	240.397
12	7355	53091.434	413.376
12	7417	53467.625	376.191
12	7469	53890.29	422.665
12	7487	54032.65	142.36
12	7502	54130.966	98.316
12	7653	55155.364	1024.398
12	7686	55317.706	162.342
12	7691	55359.951	42.245
12	7700	55448.705	88.754
12	7746	55810.829	362.124
12	7775	56028.713	217.884
12	7790	56130.91	102.197
12	7883	57027.869	896.959
13	71	537.773	537.773
13	187	1349.524	811.751
13	362	2537.451	1187.927
13	423	2875.43	337.979
13	540	3917.283	1041.853
13	601	4410.921	493.638
13	786	5614.381	1203.46
13	912	6527.383	913.002
13	988	6966.354	438.971
13	1018	7081.761	115.407
13	1156	8287.343	1205.582
13	1237	8847.319	559.976
13	1388	10098.987	1251.668
13	1481	10750.738	651.751
13	1537	11184.366	433.628
13	1578	11410.56	226.194
13	1591	11552.642	142.082
13	1600	11584.349	31.707
13	1636	11861.691	277.342
13	1697	12443.1	581.409
13	1937	14202.849	1759.749
13	1991	14534.201	331.352
13	2006	14632.874	98.673
13	2013	14665.001	32.127
13	2037	14803.197	138.196
13	2302	16302.261	1499.064
13	2444	17508.974	1206.713
13	2581	18454.809	945.835
13	2650	18870.178	415.369
13	2697	19271.814	401.636
13	2757	19722.85	451.036
13	2774	19809.38	86.53
13	2843	20273.425	464.045
13	2959	20914.46	641.035
13	3196	22796.463	1882.003
13	3338	23790.799	994.336
13	3394	24258.574	467.775
13	3451	24696.126	437.552
13	3480	24870.095	173.969
13	3509	25197.366	327.271
13	3599	25818.458	621.092
13	3704	26802.621	984.163
13	3766	27212.241	409.62
13	3787	27310.984	98.743
13	3877	28026.844	715.86
13	3967	28622.175	595.331
13	4190	30239.492	1617.317
13	4283	31144.107	904.615
13	4328	31385.752	241.645
13	4346	31495.153	109.401
13	4441	32166.911	671.758
13	4780	34766.819	2599.908
13	4851	35194.36	427.541
13	4911	35505.765	311.405
13	4920	35569.225	63.46
13	4993	36142.738	573.513
13	5084	36922.022	779.284
13	5143	37285.081	363.059
13	5190	37525.944	240.863
13	5328	38600.848	1074.904
13	5355	38721.196	120.348
13	5375	38794.438	73.242
13	5480	39528.56	734.122
13	5594	40178.339	649.779
13	5790	41464.929	1286.59
13	5859	41883.658	418.729
13	6063	43844.046	1960.388
13	6171	44698.75	854.704
13	6267	45412.57	713.82
13	6321	45899.886	487.316
13	6698	48602.456	2702.57
13	6711	48708.162	105.706
13	6726	48754.544	46.382
13	6795	49166.62	412.076
13	6831	49393.229	226.609
13	6922	50032.008	638.779
13	6995	50574.52	542.512
13	7019	50739.18	164.66
13	7050	50904.124	164.944
13	7091	51097.463	193.339
13	7159	51641.471	544.008
13	7319	52728.341	1086.87
13	7342	52996.539	268.198
13	7368	53156.27	159.731
13	7408	53412.792	256.522
13	7476	53949.613	536.821
13	7520	54216.17	266.557
13	7541	54387.572	171.402
13	7609	54995.82	608.248
13	7667	55223.745	227.925
13	7724	55621.529	397.784
13	7750	55821.993	200.464
13	7824	56521.661	699.668
14	134	1121.321	1103.35
14	170	1280.187	158.866
14	267	1846.493	566.306
14	278	1879.082	32.589
14	378	2578.162	699.08
14	391	2626.974	48.812
14	460	3237.691	610.717
14	544	3925.182	687.491
14	646	4695.123	769.941
14	895	6461.526	1766.403
14	923	6569.058	107.532
14	954	6782.43	213.372
14	1027	7151.186	368.756
14	1165	8334.336	1183.15
14	1505	10916.49	2582.154
14	1668	12145.501	1229.011
14	1703	12458.997	313.496
14	1815	13284.466	825.469
14	1825	13326.686	42.22
14	2022	14706.004	1379.318
14	2207	15910.911	1204.907
14	2269	16184.16	273.249
14	2291	16232.203	48.043
14	2308	16324.576	92.373
14	2391	17081.451	756.875
14	2423	17370.829	289.378
14	2481	17732.375	361.546
14	2592	18520.943	788.568
14	2687	19224.354	703.411
14	2707	19375.202	150.848
14	2718	19410.554	35.352
14	2859	20340.414	929.86
14	2868	20446.185	105.771
14	3109	22318.831	1872.646
14	3125	22391.648	72.817
14	3266	23209.864	818.216
14	3363	23974.414	764.55
14	3385	24092.751	118.337
14	3428	24520.125	427.374
14	3468	24820.34	300.215
14	3556	25612.145	791.805
14	3577	25716.097	103.952
14	3586	25759.892	43.795
14	3593	25799.753	39.861
14	3607	25920.671	120.918
14	3793	27347.155	1426.484
14	3890	28117.269	770.114
14	4016	29017.019	899.75
14	4038	29184.93	167.911
14	4051	29239.948	55.018
14	4119	29681.227	441.279
14	4339	31436.032	1754.805
14	4367	31591.776	155.744
14	4466	32326.625	734.849
14	4507	32624.678	298.053
14	4698	34184.849	1560.171
14	4715	34283.203	98.354
14	4799	34828.838	545.635
14	4858	35219.882	391.044
14	4873	35292.241	72.359
14	4958	35873.466	581.225
14	5045	36574.396	700.93
14	5128	37118.051	543.655
14	5268	38146.856	1028.805
14	5359	38745.523	598.667
14	5484	39540.955	795.432
14	5704	40860.12	1319.165
14	5723	41034.157	174.037
14	5777	41356.392	322.235
14	5823	41697.387	340.995
14	5863	41896.03	198.643
14	6090	44036.835	2140.805
14	6189	44793.579	756.744
14	6259	45382.569	588.99
14	6399	46396.9	1014.331
14	6460	46897.66	500.76
14	6530	47390.004	492.344
14	6560	47587.273	197.269
14	6607	47938.8	351.527
14	6749	48915.734	976.934
14	6842	49443.068	527.334
14	6863	49529.871	86.803
14	7039	50836.976	1307.105
14	7085	51081.447	244.471
14	7202	51927.795	846.348
14	7296	52600.706	672.911
14	7389	53314.998	714.292
14	7719	55577.753	2262.755
14	7805	56314.551	736.798
14	7846	56733.821	419.27
14	7947	57484.884	751.063

